Timestamp,User Count,Type,Name,Requests/s,Failures/s,25%,50%,75%,80%,90%,95%,98%,99%,99.9%,99.99%,100%,Total Request Count,Total Failure Count,Total Median Response Time,Total Average Response Time,Total Min Response Time,Total Max Response Time,Total Average Content Size
1708112296,0,,Aggregated,0.000000,0.000000,N/A,N/A,N/A,N/A,N/A,N/A,N/A,N/A,N/A,N/A,N/A,0,0,0,0.0,0,0,0
1708112297,5,,Aggregated,0.000000,0.000000,4,44,47,48,50,51,52,52,53,53,53,144,0,44,29.83312816488453,1.268584979698062,52.57646995596588,2859.8680555555557
1708112298,10,,Aggregated,0.000000,0.000000,4,44,47,48,49,51,52,56,57,57,57,320,0,44,30.92577149727731,1.231296919286251,56.52871495112777,2612.309375
1708112299,15,,Aggregated,53.000000,0.000000,4,44,48,48,51,52,53,54,57,57,57,619,0,44,30.675145566105385,0.9360949043184519,56.52871495112777,2665.6672051696282
1708112300,20,,Aggregated,110.000000,0.000000,4,45,48,49,52,53,56,72,82,82,82,948,0,45,32.235166215620744,0.9360949043184519,82.0515020750463,2591.7679324894516
1708112301,24,,Aggregated,130.333333,0.000000,4,45,48,49,52,54,66,81,89,93,93,1304,0,45,32.64022705772252,0.9360949043184519,92.50644198618829,2610.605061349693
1708112302,24,,Aggregated,176.750000,0.000000,5,46,49,50,53,56,81,88,93,97,97,1651,0,46,33.92691908306642,0.8788399863988161,97.03177819028497,2568.734100545124
1708112303,24,,Aggregated,206.600000,0.000000,5,46,49,50,53,58,86,90,100,100,100,1975,0,46,34.39817492755814,0.8788399863988161,102.84777008928359,2531.726582278481
1708112304,24,,Aggregated,231.833333,0.000000,5,46,49,51,53,64,87,90,100,100,100,2322,0,46,34.711105824816364,0.8788399863988161,102.84777008928359,2545.813953488372
1708112305,24,,Aggregated,248.857143,0.000000,5,46,49,51,54,68,87,91,100,100,100,2678,0,46,35.1951657544023,0.8788399863988161,102.84777008928359,2521.773338312173
1708112306,24,,Aggregated,257.625000,0.000000,5,46,50,51,53,64,86,90,100,100,100,3008,0,46,35.03809161555453,0.8788399863988161,102.84777008928359,2525.681183510638
1708112307,24,,Aggregated,266.555556,0.000000,5,46,50,51,54,64,85,90,100,100,100,3371,0,46,35.03677796711137,0.8788399863988161,102.84777008928359,2528.0691189557992
1708112308,24,,Aggregated,276.300000,0.000000,5,46,50,51,54,63,84,89,100,100,100,3712,0,46,35.165010949452245,0.8788399863988161,102.84777008928359,2521.245959051724
1708112309,24,,Aggregated,303.200000,0.000000,5,46,50,51,54,63,82,88,100,100,100,4070,0,46,35.078215826170045,0.8788399863988161,102.84777008928359,2515.0714987714987
1708112310,24,,Aggregated,325.500000,0.000000,5,46,50,51,54,65,84,88,100,100,100,4423,0,46,35.341720827527745,0.8788399863988161,102.84777008928359,2514.8835631924035
1708112311,24,,Aggregated,339.600000,0.000000,5,46,50,51,54,64,84,88,100,100,100,4752,0,46,35.22602433020481,0.8788399863988161,102.84777008928359,2516.0603956228956
1708112312,24,,Aggregated,343.300000,0.000000,5,46,50,51,54,68,85,90,100,110,110,5092,0,46,35.374698128219464,0.8788399863988161,107.44861396960914,2517.753534956795
1708112313,24,,Aggregated,347.100000,0.000000,5,46,50,51,54,68,85,90,100,110,110,5456,0,46,35.457239716803336,0.8788399863988161,107.44861396960914,2515.985703812317
1708112314,24,,Aggregated,343.300000,0.000000,5,46,50,51,54,65,85,89,100,110,110,5781,0,46,35.372555449855014,0.8788399863988161,107.44861396960914,2503.392838609237
1708112315,24,,Aggregated,343.200000,0.000000,5,46,50,51,54,65,85,90,110,110,110,6168,0,46,35.35001399935448,0.8788399863988161,114.14289497770369,2512.4735732814524
1708112316,24,,Aggregated,347.500000,0.000000,5,46,50,51,54,66,85,90,110,110,110,6504,0,46,35.46196825191325,0.8788399863988161,114.14289497770369,2507.0787207872077
1708112317,24,,Aggregated,345.800000,0.000000,5,46,49,51,54,65,85,90,110,110,110,6829,0,46,35.29072928370307,0.8788399863988161,114.14289497770369,2507.324791331088
1708112318,24,,Aggregated,347.700000,0.000000,5,46,50,51,54,68,87,91,100,110,110,7188,0,46,35.629955485923624,0.8788399863988161,114.14289497770369,2506.8016138007793
1708112319,24,,Aggregated,348.800000,0.000000,5,46,50,51,54,66,86,90,100,110,110,7535,0,46,35.53157317434829,0.8788399863988161,114.14289497770369,2504.7527538155277
1708112320,24,,Aggregated,343.800000,0.000000,5,46,50,51,54,68,86,91,110,110,110,7856,0,46,35.54022252578511,0.8788399863988161,114.14289497770369,2503.6981924643583
1708112321,24,,Aggregated,347.200000,0.000000,5,46,50,51,54,66,86,91,100,110,110,8256,0,46,35.544891578308665,0.8788399863988161,114.14289497770369,2509.1057412790697
1708112322,24,,Aggregated,345.800000,0.000000,5,46,50,51,54,65,85,90,100,110,110,8561,0,46,35.523130221029334,0.8736660238355398,114.14289497770369,2503.3552155122065
1708112323,24,,Aggregated,343.800000,0.000000,5,46,50,51,54,66,86,90,100,110,110,8922,0,46,35.552500459328805,0.8736660238355398,114.14289497770369,2502.8198834342074
1708112324,24,,Aggregated,350.200000,0.000000,5,46,50,51,54,68,86,91,100,110,110,9269,0,46,35.72617374340567,0.8736660238355398,114.14289497770369,2502.1654978962133
1708112325,24,,Aggregated,344.900000,0.000000,5,46,50,51,54,67,85,90,100,110,110,9580,0,46,35.596906394665645,0.8736660238355398,114.14289497770369,2502.806680584551
1708112326,24,,Aggregated,346.200000,0.000000,5,46,50,51,55,69,86,92,110,110,110,9940,0,46,35.74142709287292,0.8736660238355398,114.14289497770369,2508.985814889336
1708112327,24,,Aggregated,348.100000,0.000000,5,46,50,51,55,69,86,92,100,110,110,10293,0,46,35.80911787788051,0.8736660238355398,114.14289497770369,2501.8360050519773
1708112328,24,,Aggregated,341.100000,0.000000,5,46,50,51,55,69,86,92,100,110,110,10593,0,46,35.7565559936255,0.8736660238355398,114.14289497770369,2502.3236099310866
1708112329,24,,Aggregated,343.600000,0.000000,5,46,50,51,55,70,87,92,100,110,110,10972,0,46,35.89648315147404,0.8736660238355398,114.14289497770369,2504.948049580751
1708112330,24,,Aggregated,344.300000,0.000000,5,46,50,51,55,71,87,92,100,110,110,11284,0,46,35.995866081784506,0.8736660238355398,114.14289497770369,2496.093495214463
1708112331,24,,Aggregated,341.600000,0.000000,5,46,50,51,55,70,87,91,100,110,110,11623,0,46,35.86520391571996,0.7722470909357071,114.14289497770369,2503.1774068656973
1708112332,24,,Aggregated,344.100000,0.000000,5,46,50,51,56,73,88,92,100,110,110,11984,0,46,36.153472016432765,0.7722470909357071,114.14289497770369,2503.731642189586
1708112333,24,,Aggregated,338.300000,0.000000,5,46,50,51,55,73,88,92,100,110,110,12268,0,46,36.132256014701184,0.7722470909357071,114.14289497770369,2496.82515487447
1708112334,24,,Aggregated,337.200000,0.000000,5,46,50,51,55,73,88,92,100,110,110,12619,0,46,36.10959144052549,0.7722470909357071,114.14289497770369,2504.49615658927
1708112335,24,,Aggregated,342.700000,0.000000,6,46,50,51,56,75,88,92,100,110,110,12990,0,46,36.306125399232876,0.7722470909357071,114.14289497770369,2498.9040030792917
1708112336,24,,Aggregated,334.000000,0.000000,5,46,50,51,56,74,88,92,100,110,110,13274,0,46,36.24475478435728,0.7722470909357071,114.14289497770369,2499.1119481693536
1708112337,24,,Aggregated,335.800000,0.000000,6,46,50,51,56,75,88,92,100,110,110,13644,0,46,36.299652634231535,0.7722470909357071,114.14289497770369,2500.823145705072
1708112338,24,,Aggregated,339.200000,0.000000,6,46,50,51,56,75,88,92,100,110,110,13978,0,46,36.39038690071156,0.7722470909357071,114.14289497770369,2498.4519244527114
1708112339,24,,Aggregated,333.000000,0.000000,6,46,50,51,56,75,88,92,100,110,110,14295,0,46,36.2913384017101,0.7722470909357071,114.14289497770369,2498.2870234347674
1708112340,24,,Aggregated,335.800000,0.000000,6,46,50,51,56,76,88,92,100,110,110,14669,0,46,36.3991857373071,0.7722470909357071,114.14289497770369,2500.0687163405823
1708112341,24,,Aggregated,336.700000,0.000000,6,46,50,51,56,75,88,92,100,110,110,14998,0,46,36.396838254217045,0.7722470909357071,114.14289497770369,2495.8629817308974
1708112342,24,,Aggregated,332.000000,0.000000,6,46,50,51,56,74,88,92,100,110,110,15333,0,46,36.308844224587794,0.7722470909357071,114.14289497770369,2500.6491228070176
1708112343,24,,Aggregated,341.300000,0.000000,6,46,50,51,56,75,88,92,100,110,110,15695,0,46,36.39423065793924,0.7722470909357071,114.14289497770369,2501.568907295317
1708112344,24,,Aggregated,335.000000,0.000000,6,46,50,51,56,75,88,92,100,110,110,16020,0,46,36.3745232484915,0.7722470909357071,114.14289497770369,2496.793820224719
1708112345,24,,Aggregated,336.300000,0.000000,6,46,50,51,56,75,88,92,100,120,120,16349,0,46,36.430238021866465,0.7722470909357071,121.68542388826609,2498.964034497523
1708112346,24,,Aggregated,341.600000,0.000000,6,46,50,52,56,76,88,92,100,120,120,16715,0,46,36.49058162110473,0.7722470909357071,121.68542388826609,2496.3807956924916
1708112347,24,,Aggregated,337.700000,0.000000,6,46,50,51,56,75,88,92,100,120,120,17027,0,46,36.424709420232,0.7722470909357071,121.68542388826609,2497.4522229400363
1708112348,24,,Aggregated,335.800000,0.000000,6,46,50,51,56,75,88,92,100,120,120,17414,0,46,36.38659193110922,0.7722470909357071,121.68542388826609,2498.353910646606
1708112349,24,,Aggregated,343.400000,0.000000,6,46,50,52,56,75,88,92,100,120,120,17740,0,46,36.44017887792866,0.7722470909357071,121.68542388826609,2495.691713641488
1708112350,24,,Aggregated,337.200000,0.000000,6,46,50,51,56,74,88,92,100,120,120,18081,0,46,36.35363547980483,0.7722470909357071,121.68542388826609,2498.0781483325036
1708112351,24,,Aggregated,343.900000,0.000000,6,46,50,52,56,76,88,93,100,120,120,18415,0,46,36.48555589452418,0.7722470909357071,121.68542388826609,2500.4398045071953
1708112352,24,,Aggregated,343.600000,0.000000,6,46,50,52,56,76,88,93,100,120,120,18756,0,46,36.47100633654984,0.7722470909357071,121.68542388826609,2496.4384197056943
1708112353,24,,Aggregated,340.400000,0.000000,6,46,50,52,56,76,88,93,100,120,120,19077,0,46,36.46324754257587,0.7722470909357071,121.68542388826609,2496.7766944488126
1708112354,24,,Aggregated,343.400000,0.000000,6,46,50,52,56,76,88,93,100,120,120,19467,0,46,36.464999225683826,0.7722470909357071,121.68542388826609,2497.9098474341195
1708112355,24,,Aggregated,339.600000,0.000000,6,46,50,52,56,76,88,93,100,120,120,19762,0,46,36.47350307064405,0.7722470909357071,121.68542388826609,2496.013713186924
1708112356,24,,Aggregated,339.100000,0.000000,6,46,50,51,56,76,88,93,100,120,120,20142,0,46,36.424987427879664,0.7722470909357071,121.68542388826609,2497.963955913018
1708112357,24,,Aggregated,345.100000,0.000000,6,46,50,51,56,76,88,93,100,120,120,20497,0,46,36.46689919955149,0.7722470909357071,121.68542388826609,2497.3692735522272
1708112358,24,,Aggregated,341.700000,0.000000,6,46,50,51,56,76,88,93,100,120,120,20810,0,46,36.42835614797541,0.7722470909357071,121.68542388826609,2495.8531955790486
1708112359,24,,Aggregated,343.000000,0.000000,6,46,50,52,56,76,88,93,110,120,120,21163,0,46,36.48726018677507,0.7722470909357071,121.68542388826609,2497.5375419363986
1708112360,24,,Aggregated,345.900000,0.000000,6,46,50,52,56,76,88,93,110,120,120,21498,0,46,36.50503347370966,0.7722470909357071,121.68542388826609,2494.735277700251
1708112361,24,,Aggregated,337.900000,0.000000,6,46,50,51,56,76,88,93,110,120,120,21834,0,46,36.442452766230026,0.7722470909357071,121.68542388826609,2498.2368782632593
1708112362,24,,Aggregated,342.100000,0.000000,6,46,50,52,56,76,88,93,100,120,120,22203,0,46,36.467946469046375,0.7722470909357071,121.68542388826609,2496.324280502635
1708112363,24,,Aggregated,340.400000,0.000000,6,46,50,52,56,76,88,93,100,120,120,22519,0,46,36.47419321343516,0.7722470909357071,121.68542388826609,2494.764332341578
1708112364,24,,Aggregated,341.700000,0.000000,6,46,50,52,56,76,88,93,100,120,120,22884,0,46,36.44658441087525,0.7722470909357071,121.68542388826609,2496.6343733613003
1708112365,24,,Aggregated,345.000000,0.000000,6,46,50,52,56,76,88,93,100,120,120,23215,0,46,36.504691600610606,0.7722470909357071,121.68542388826609,2495.8569028645275
1708112366,24,,Aggregated,341.800000,0.000000,6,46,50,52,56,76,88,93,100,120,120,23554,0,46,36.46091319464387,0.7722470909357071,121.68542388826609,2496.9292689139847
1708112367,24,,Aggregated,342.200000,0.000000,6,46,50,52,56,76,88,93,110,120,120,23883,0,46,36.54664272725916,0.7722470909357071,121.68542388826609,2497.2441066867646
1708112368,24,,Aggregated,345.700000,0.000000,6,46,50,52,56,76,88,93,110,120,120,24258,0,46,36.513278013551286,0.7722470909357071,121.68542388826609,2495.1408607469702
1708112369,24,,Aggregated,340.500000,0.000000,6,46,50,52,56,76,88,93,110,120,120,24572,0,46,36.47262559920811,0.7722470909357071,121.68542388826609,2496.0400862770634
1708112370,24,,Aggregated,339.300000,0.000000,6,46,50,52,56,76,88,93,110,120,120,24926,0,46,36.51255398087068,0.7722470909357071,121.68542388826609,2497.231605552435
1708112371,24,,Aggregated,344.700000,0.000000,6,46,50,52,56,76,88,93,110,120,120,25264,0,46,36.54666773369337,0.7722470909357071,121.68542388826609,2495.3125791640277
1708112372,24,,Aggregated,341.200000,0.000000,6,46,50,52,56,76,88,93,110,120,120,25609,0,46,36.47432511489015,0.7722470909357071,121.68542388826609,2496.488968721934
1708112373,24,,Aggregated,343.800000,0.000000,6,46,50,52,56,76,88,93,110,120,120,25954,0,46,36.52250496864734,0.7722470909357071,121.68542388826609,2496.5348693842952
1708112374,24,,Aggregated,341.600000,0.000000,6,46,50,51,56,76,88,93,100,120,120,26318,0,46,36.484006885402,0.7722470909357071,121.68542388826609,2494.657762747929
1708112375,24,,Aggregated,340.900000,0.000000,6,46,50,51,56,76,88,93,100,120,120,26640,0,46,36.473460328644954,0.7722470909357071,121.68542388826609,2495.0147897897896
1708112376,24,,Aggregated,344.900000,0.000000,6,46,50,52,56,76,88,93,100,120,120,27012,0,46,36.477775055796585,0.7722470909357071,121.68542388826609,2497.095402043536
1708112377,24,,Aggregated,341.300000,0.000000,6,46,50,52,56,76,88,93,100,120,120,27326,0,46,36.51456721743064,0.7722470909357071,121.68542388826609,2494.7238527409795
1708112378,24,,Aggregated,342.100000,0.000000,6,46,50,52,56,76,88,93,100,120,120,27684,0,46,36.485911168354114,0.7722470909357071,121.68542388826609,2496.4444083224967
1708112379,24,,Aggregated,345.200000,0.000000,6,46,50,52,56,76,88,93,100,120,120,28016,0,46,36.531998593755304,0.7722470909357071,121.68542388826609,2496.532659908624
1708112380,24,,Aggregated,343.100000,0.000000,6,46,50,51,56,76,88,93,100,120,120,28368,0,46,36.492032313616505,0.7722470909357071,121.68542388826609,2494.778553299492
1708112381,24,,Aggregated,341.600000,0.000000,6,46,50,52,56,76,88,93,100,120,120,28709,0,46,36.52257940279338,0.7722470909357071,121.68542388826609,2495.3185412240064
1708112382,24,,Aggregated,343.800000,0.000000,6,46,50,51,56,76,88,93,100,120,120,29069,0,46,36.499662115479694,0.7722470909357071,121.68542388826609,2494.5699886477005
1708112383,24,,Aggregated,342.500000,0.000000,6,46,50,51,56,76,88,93,100,120,120,29389,0,46,36.483906117363325,0.7722470909357071,121.68542388826609,2495.0025179488925
1708112384,24,,Aggregated,343.700000,0.000000,6,46,50,51,56,76,88,93,100,120,120,29772,0,46,36.495847423758555,0.7722470909357071,121.68542388826609,2495.0821241434905
1708112385,24,,Aggregated,343.700000,0.000000,6,46,50,51,56,76,88,93,100,120,120,30090,0,46,36.48398308924979,0.7722470909357071,121.68542388826609,2494.7661349285477
1708112386,24,,Aggregated,342.200000,0.000000,6,46,50,51,56,76,88,93,100,120,120,30432,0,46,36.479972541574256,0.7722470909357071,121.68542388826609,2494.8974106203996
1708112387,24,,Aggregated,344.900000,0.000000,6,46,50,52,56,76,88,93,100,120,120,30778,0,46,36.54981122480301,0.7722470909357071,121.68542388826609,2494.895314835272
1708112388,24,,Aggregated,343.500000,0.000000,6,46,50,52,56,76,88,93,100,120,120,31083,0,46,36.56352566736655,0.7722470909357071,121.68542388826609,2495.2596596210146
1708112389,24,,Aggregated,341.100000,0.000000,6,46,50,52,56,76,88,93,100,120,120,31405,0,46,36.580751604796326,0.7722470909357071,121.68542388826609,2495.2495780926606
1708112390,24,,Aggregated,344.000000,0.000000,6,46,50,52,56,76,88,93,100,120,120,31790,0,46,36.597483575615954,0.7722470909357071,121.68542388826609,2495.2603963510537
1708112391,24,,Aggregated,339.600000,0.000000,6,46,50,52,56,76,88,93,100,120,120,32096,0,46,36.58556282466149,0.7722470909357071,121.68542388826609,2494.4552280658027
1708112392,24,,Aggregated,338.300000,0.000000,6,46,50,52,56,76,88,93,100,120,120,32458,0,46,36.576982411995296,0.7722470909357071,121.68542388826609,2494.6275802575637
1708112393,24,,Aggregated,340.800000,0.000000,6,46,50,52,56,77,88,93,100,120,120,32790,0,46,36.62269533746463,0.7722470909357071,121.68542388826609,2494.1637694419032
1708112394,24,,Aggregated,338.000000,0.000000,6,46,50,52,56,76,88,93,100,120,120,33123,0,46,36.5894397646845,0.7722470909357071,121.68542388826609,2495.6564320864654
1708112395,24,,Aggregated,338.700000,0.000000,6,46,50,52,56,77,88,93,100,120,120,33464,0,46,36.637706406034454,0.7722470909357071,121.68542388826609,2493.56102079847
1708112396,24,,Aggregated,338.000000,0.000000,6,46,50,52,56,77,88,93,100,120,120,33806,0,46,36.617054784529586,0.7722470909357071,121.68542388826609,2494.102881145359
1708112397,24,,Aggregated,335.000000,0.000000,6,46,50,52,56,77,88,93,100,120,120,34148,0,46,36.605287648749865,0.7722470909357071,121.68542388826609,2494.9699543165048
1708112398,24,,Aggregated,336.700000,0.000000,6,46,50,52,56,76,88,93,100,120,120,34519,0,46,36.61162354553598,0.7722470909357071,121.68542388826609,2495.174773313248
1708112399,24,,Aggregated,337.000000,0.000000,6,46,50,52,56,77,88,93,100,120,120,34826,0,46,36.62481860669434,0.7722470909357071,121.68542388826609,2493.645810601275
1708112400,24,,Aggregated,337.600000,0.000000,6,46,50,52,56,77,88,93,100,120,120,35179,0,46,36.62026740205868,0.7722470909357071,121.68542388826609,2494.2084482219507
1708112401,24,,Aggregated,343.200000,0.000000,6,46,50,52,56,76,88,93,100,120,120,35541,0,46,36.617350890070966,0.7722470909357071,121.68542388826609,2495.0782476576346
1708112402,24,,Aggregated,340.700000,0.000000,6,46,50,52,56,76,88,93,100,120,120,35864,0,46,36.596445459738746,0.7722470909357071,121.68542388826609,2494.9787809502564
1708112403,24,,Aggregated,340.400000,0.000000,6,46,50,52,56,77,88,93,100,120,120,36218,0,46,36.627031174310986,0.7722470909357071,121.68542388826609,2494.7327019713953
1708112404,24,,Aggregated,344.200000,0.000000,6,46,50,52,56,77,88,93,100,120,120,36556,0,46,36.62858596679345,0.7722470909357071,121.68542388826609,2494.2000765948133
1708112405,24,,Aggregated,340.800000,0.000000,6,46,50,52,56,77,88,93,100,120,120,36893,0,46,36.601478968530444,0.7722470909357071,121.68542388826609,2495.3107364540697
1708112406,24,,Aggregated,343.400000,0.000000,6,46,50,52,56,76,88,93,100,120,120,37248,0,46,36.60809014653785,0.7722470909357071,121.68542388826609,2494.3056003006873
1708112407,24,,Aggregated,343.100000,0.000000,6,46,50,52,56,77,88,93,100,120,120,37590,0,46,36.60887916468705,0.7722470909357071,121.68542388826609,2494.501330140995
1708112408,24,,Aggregated,342.800000,0.000000,6,46,50,52,56,76,88,93,100,120,120,37937,0,46,36.589062715111126,0.7722470909357071,121.68542388826609,2493.863589635448
1708112409,24,,Aggregated,343.500000,0.000000,6,46,50,52,56,76,88,93,100,120,120,38296,0,46,36.575177559815465,0.7722470909357071,121.68542388826609,2493.8388865677875
1708112410,24,,Aggregated,343.900000,0.000000,6,46,50,52,56,76,88,93,100,120,120,38635,0,46,36.56514833698883,0.7722470909357071,121.68542388826609,2494.8993140934385
1708112411,24,,Aggregated,341.800000,0.000000,6,46,50,52,56,76,88,93,100,120,120,39006,0,46,36.55518891538574,0.7722470909357071,121.68542388826609,2494.0841665384814
1708112412,24,,Aggregated,347.700000,0.000000,6,46,50,52,56,76,88,93,100,120,120,39316,0,46,36.58278288290523,0.7722470909357071,121.68542388826609,2494.7446332282025
1708112413,24,,Aggregated,344.000000,0.000000,6,46,50,52,56,76,88,93,100,120,120,39684,0,46,36.558061043631,0.7722470909357071,121.68542388826609,2493.9550448543496
1708112414,24,,Aggregated,344.900000,0.000000,6,46,50,52,56,76,88,93,100,120,120,40014,0,46,36.58557451257647,0.7722470909357071,121.68542388826609,2493.74383965612
1708112415,24,,Aggregated,344.200000,0.000000,6,46,50,52,56,76,88,93,100,120,120,40367,0,46,36.57794583111814,0.7722470909357071,121.68542388826609,2494.530210320311
1708112416,24,,Aggregated,345.900000,0.000000,6,46,50,52,56,76,88,93,100,120,120,40684,0,46,36.59288715162893,0.7722470909357071,121.68542388826609,2494.835635630715
1708112417,24,,Aggregated,344.100000,0.000000,6,46,50,52,56,76,88,93,100,120,120,41056,0,46,36.569044447055475,0.7722470909357071,121.68542388826609,2494.0275964536245
1708112418,24,,Aggregated,346.100000,0.000000,6,46,50,52,56,76,88,93,100,120,120,41371,0,46,36.596262070657026,0.7722470909357071,121.68542388826609,2494.5655410795002
1708112419,24,,Aggregated,343.100000,0.000000,6,46,50,52,56,76,88,93,100,120,120,41724,0,46,36.590157457842395,0.7722470909357071,121.68542388826609,2494.0139008723995
1708112420,24,,Aggregated,345.400000,0.000000,6,46,50,52,56,76,88,93,100,120,120,42046,0,46,36.62065708126111,0.7722470909357071,121.68542388826609,2494.0676402035865
1708112421,24,,Aggregated,342.400000,0.000000,6,46,50,52,56,76,88,93,100,120,120,42408,0,46,36.60473462975665,0.7722470909357071,121.68542388826609,2494.3019949066215
1708112422,24,,Aggregated,340.800000,0.000000,6,46,50,52,56,76,88,93,100,120,120,42729,0,46,36.621871743147295,0.7722470909357071,121.68542388826609,2494.6099370450984
1708112423,24,,Aggregated,340.000000,0.000000,6,46,50,52,56,76,88,93,100,120,120,43081,0,46,36.602213024497374,0.7722470909357071,121.68542388826609,2494.1277825491516
1708112424,24,,Aggregated,340.300000,0.000000,6,46,50,52,56,77,88,93,100,120,120,43416,0,46,36.63150354245337,0.7722470909357071,121.68542388826609,2494.0757094158835
1708112425,24,,Aggregated,340.500000,0.000000,6,46,50,52,56,77,88,93,100,120,120,43760,0,46,36.625030086842074,0.7722470909357071,121.68542388826609,2493.7031992687384
1708112426,24,,Aggregated,339.000000,0.000000,6,46,50,52,56,76,88,93,100,120,120,44087,0,46,36.6060903900008,0.7722470909357071,121.68542388826609,2494.1901240728557
1708112427,24,,Aggregated,340.800000,0.000000,6,46,50,52,56,76,88,93,100,120,120,44478,0,46,36.605480058089846,0.7722470909357071,121.68542388826609,2494.7575430549937
1708112428,24,,Aggregated,339.600000,0.000000,6,46,50,52,56,76,88,93,100,120,120,44808,0,46,36.58755421330667,0.7722470909357071,121.68542388826609,2493.062109444742
1708112429,24,,Aggregated,340.000000,0.000000,6,46,50,52,56,76,88,93,100,120,120,45163,0,46,36.562658879372506,0.7722470909357071,121.68542388826609,2493.9078449172994
1708112430,24,,Aggregated,341.300000,0.000000,6,46,50,52,56,76,88,93,100,120,120,45494,0,46,36.60289925165591,0.7722470909357071,121.68542388826609,2493.7332175671518
1708112431,24,,Aggregated,343.200000,0.000000,6,46,50,52,56,76,88,93,100,120,120,45853,0,46,36.56972272692583,0.7722470909357071,121.68542388826609,2493.5026933897457
1708112432,24,,Aggregated,344.600000,0.000000,6,46,50,52,56,76,88,93,100,120,120,46186,0,46,36.5628136288792,0.7722470909357071,121.68542388826609,2493.8952496427487
1708112433,24,,Aggregated,345.600000,0.000000,6,46,50,52,56,76,88,93,100,120,120,46542,0,46,36.585194455997154,0.7722470909357071,121.68542388826609,2493.30303811611
1708112434,24,,Aggregated,344.600000,0.000000,6,46,50,52,56,76,88,93,100,120,120,46884,0,46,36.57701189759885,0.7722470909357071,121.68542388826609,2493.377015613002
1708112435,24,,Aggregated,345.800000,0.000000,6,46,50,52,56,76,88,93,100,120,120,47230,0,46,36.563160313020624,0.7722470909357071,121.68542388826609,2494.5374338344272
1708112436,24,,Aggregated,346.800000,0.000000,6,46,50,52,56,76,88,93,100,120,120,47561,0,46,36.59094431235489,0.7722470909357071,121.68542388826609,2493.7489750005257
1708112437,24,,Aggregated,346.300000,0.000000,6,46,50,52,56,76,88,93,100,120,120,47897,0,46,36.58602990328064,0.7722470909357071,121.68542388826609,2493.4916174290665
1708112438,24,,Aggregated,346.400000,0.000000,6,46,50,52,56,76,88,93,100,120,120,48247,0,46,36.59176827747203,0.7722470909357071,121.68542388826609,2494.286111053537
1708112439,24,,Aggregated,346.500000,0.000000,6,46,50,52,56,76,88,93,100,120,120,48591,0,46,36.59093119638263,0.7722470909357071,121.68542388826609,2493.179004342368
1708112440,24,,Aggregated,342.000000,0.000000,6,46,50,52,56,77,88,93,100,120,120,48895,0,46,36.6149800303405,0.7722470909357071,121.68542388826609,2493.7261274158914
1708112441,24,,Aggregated,343.500000,0.000000,6,46,50,52,56,77,88,93,100,120,120,49245,0,46,36.64965393455828,0.7722470909357071,121.68542388826609,2494.3158290181746
1708112442,24,,Aggregated,341.000000,0.000000,6,46,50,52,56,77,88,93,100,120,120,49561,0,46,36.682968798066305,0.7722470909357071,121.68542388826609,2493.368555920986
1708112443,24,,Aggregated,338.900000,0.000000,6,46,50,52,56,77,88,93,100,120,120,49895,0,46,36.6762943843497,0.7722470909357071,121.68542388826609,2493.494277983766
1708112444,24,,Aggregated,338.400000,0.000000,6,46,50,52,56,77,89,94,100,110,120,50211,0,46,36.72649640676869,0.7722470909357071,121.68542388826609,2493.6670849017146
1708112445,24,,Aggregated,336.600000,0.000000,6,46,50,52,56,77,89,94,100,110,120,50546,0,46,36.743857340237845,0.7722470909357071,121.68542388826609,2493.5838642029044
1708112446,24,,Aggregated,333.300000,0.000000,6,46,50,52,56,78,89,94,100,110,120,50847,0,46,36.775539335296635,0.7722470909357071,121.68542388826609,2493.926957342616
1708112447,24,,Aggregated,331.800000,0.000000,6,46,50,52,56,78,89,94,100,110,120,51212,0,46,36.77843456080318,0.7722470909357071,121.68542388826609,2494.4079317347496
1708112448,24,,Aggregated,330.700000,0.000000,6,46,50,52,56,77,89,94,100,110,120,51520,0,46,36.78624267227205,0.7722470909357071,121.68542388826609,2493.0010481366457
1708112449,24,,Aggregated,327.700000,0.000000,6,46,50,52,56,77,89,94,100,110,120,51885,0,46,36.77228908199026,0.7722470909357071,121.68542388826609,2493.832918955382
1708112450,24,,Aggregated,330.300000,0.000000,6,46,50,52,56,77,89,94,100,110,120,52247,0,46,36.782016288752565,0.7722470909357071,121.68542388826609,2493.9251440274084
1708112451,24,,Aggregated,326.000000,0.000000,6,46,50,52,56,77,89,93,100,110,120,52552,0,46,36.76589174875636,0.7722470909357071,121.68542388826609,2493.4102983711373
1708112452,24,,Aggregated,328.800000,0.000000,6,46,50,52,56,77,89,94,100,110,120,52905,0,46,36.77338725571165,0.7722470909357071,121.68542388826609,2493.9944239674887
1708112453,24,,Aggregated,334.100000,0.000000,6,46,50,52,56,77,89,94,100,110,120,53267,0,46,36.78448686397912,0.7722470909357071,121.68542388826609,2492.919274597781
1708112454,24,,Aggregated,330.100000,0.000000,6,46,50,52,56,77,89,94,100,110,120,53581,0,46,36.77142136163527,0.7722470909357071,121.68542388826609,2493.8288572441725
1708112455,24,,Aggregated,333.500000,0.000000,6,46,50,52,56,77,89,94,100,110,120,53942,0,46,36.77404912946404,0.7722470909357071,121.68542388826609,2493.5238774980535
1708112456,24,,Aggregated,337.100000,0.000000,6,46,50,52,56,78,89,94,100,110,120,54265,0,46,36.79279675962942,0.7722470909357071,121.68542388826609,2493.4524094720355
1708112457,24,,Aggregated,336.200000,0.000000,6,46,50,52,56,78,89,94,100,110,120,54604,0,46,36.78547775169181,0.7722470909357071,121.68542388826609,2494.19844700022
1708112458,24,,Aggregated,338.800000,0.000000,6,46,50,52,56,78,89,94,100,110,120,54935,0,46,36.82396887837867,0.7722470909357071,121.68542388826609,2494.1326476745244
1708112459,24,,Aggregated,342.100000,0.000000,6,46,50,52,56,78,89,94,100,110,120,55266,0,46,36.8340474498967,0.7722470909357071,121.68542388826609,2493.259363804147
1708112461,24,,Aggregated,339.000000,0.000000,6,46,50,52,56,78,89,94,100,110,120,55580,0,46,36.83106391857398,0.7722470909357071,121.68542388826609,2493.554875854624
1708112462,24,,Aggregated,341.500000,0.000000,6,46,50,52,56,78,89,94,100,110,120,55936,0,46,36.85912391310568,0.7722470909357071,121.68542388826609,2493.2522883295196
1708112463,24,,Aggregated,338.100000,0.000000,6,46,50,52,56,78,89,94,100,110,120,56244,0,46,36.88064782005819,0.7722470909357071,121.68542388826609,2493.0031114429985
1708112464,24,,Aggregated,333.300000,0.000000,6,46,50,52,56,78,89,94,100,110,120,56574,0,46,36.88084191136445,0.7722470909357071,121.68542388826609,2494.1630961218934
1708112465,24,,Aggregated,337.900000,0.000000,6,46,50,52,56,78,89,94,100,110,120,56923,0,46,36.898684117601526,0.7722470909357071,121.68542388826609,2493.5101804191627
1708112466,24,,Aggregated,330.500000,0.000000,6,46,50,52,56,78,89,94,100,110,120,57268,0,46,36.87644150421023,0.7722470909357071,121.68542388826609,2493.442777816582
1708112467,24,,Aggregated,334.200000,0.000000,6,46,50,52,56,79,89,94,100,110,120,57617,0,46,36.89358367331097,0.7722470909357071,121.68542388826609,2493.225211309162
