Timestamp,User Count,Type,Name,Requests/s,Failures/s,25%,50%,75%,80%,90%,95%,98%,99%,99.9%,99.99%,100%,Total Request Count,Total Failure Count,Total Median Response Time,Total Average Response Time,Total Min Response Time,Total Max Response Time,Total Average Content Size
1707677110,0,,Aggregated,0.000000,0.000000,N/A,N/A,N/A,N/A,N/A,N/A,N/A,N/A,N/A,N/A,N/A,0,0,0,0.0,0,0,0
1707677111,5,,Aggregated,0.000000,0.000000,5,46,48,48,51,52,56,56,56,56,56,78,0,45,30.371779040134964,1.229365007020533,56.04194104671478,2677.1153846153848
1707677112,9,,Aggregated,0.000000,0.000000,4,45,48,48,49,51,52,55,56,56,56,212,0,45,30.32346646782485,1.229365007020533,56.04194104671478,2526.1792452830186
1707677113,9,,Aggregated,65.000000,0.000000,3,44,48,48,50,51,52,55,56,56,56,322,0,44,29.619865476295512,1.064058975316584,56.04194104671478,2546.667701863354
1707677114,9,,Aggregated,81.000000,0.000000,3,44,48,48,50,52,52,55,56,56,56,400,0,44,30.07007083389908,1.064058975316584,56.04194104671478,2518.38
1707677115,9,,Aggregated,78.333333,0.000000,3,44,48,48,50,52,52,53,56,56,56,492,0,44,30.238019359275334,1.064058975316584,56.04194104671478,2495.60162601626
1707677116,9,,Aggregated,86.500000,0.000000,3,44,48,48,50,52,52,55,58,58,58,622,0,44,30.20215308921819,1.064058975316584,57.53474007360637,2515.3987138263665
1707677117,9,,Aggregated,95.000000,0.000000,3,44,48,48,50,52,52,55,58,58,58,719,0,44,29.97928466427662,1.064058975316584,57.53474007360637,2527.605006954103
1707677118,9,,Aggregated,90.166667,0.000000,3,44,48,48,50,52,52,55,58,58,58,794,0,44,30.160591442030046,1.064058975316584,57.53474007360637,2517.925692695214
1707677119,9,,Aggregated,92.142857,0.000000,3,44,48,48,50,52,52,53,58,58,58,906,0,44,30.264910847096647,1.0423370404168963,57.53474007360637,2503.662251655629
1707677120,9,,Aggregated,94.875000,0.000000,3,44,48,48,50,52,52,53,56,58,58,1016,0,44,30.020098905693228,1.0423370404168963,57.53474007360637,2503.549212598425
1707677121,9,,Aggregated,97.000000,0.000000,3,44,48,48,50,52,52,53,56,58,58,1122,0,44,29.853561682063827,1.0423370404168963,57.53474007360637,2513.0151515151515
1707677122,9,,Aggregated,94.200000,0.000000,3,44,48,48,50,52,52,53,56,58,58,1207,0,44,29.999912190891482,1.0423370404168963,57.53474007360637,2493.2004971002484
1707677123,9,,Aggregated,98.100000,0.000000,3,44,48,48,49,52,52,52,56,58,58,1310,0,44,29.903329842731015,0.9944449411705136,57.53474007360637,2508.3541984732824
1707677124,9,,Aggregated,99.900000,0.000000,3,44,48,48,49,51,52,52,56,58,58,1422,0,44,30.017270040275914,0.9542339248582721,57.53474007360637,2486.4353023909985
1707677125,9,,Aggregated,103.300000,0.000000,3,44,48,48,49,51,52,52,56,58,58,1521,0,44,29.748689475191302,0.9542339248582721,57.53474007360637,2516.03550295858
1707677126,9,,Aggregated,101.300000,0.000000,3,44,48,48,49,51,52,52,56,58,58,1614,0,44,29.80672721687561,0.9542339248582721,57.53474007360637,2507.819083023544
1707677127,9,,Aggregated,97.400000,0.000000,3,44,48,48,49,51,52,52,56,58,58,1707,0,44,29.925841661213774,0.9542339248582721,57.53474007360637,2487.90568248389
1707677128,9,,Aggregated,102.900000,0.000000,3,44,48,48,49,51,52,52,56,58,58,1838,0,44,29.892750336928952,0.9542339248582721,57.53474007360637,2487.8841131664853
1707677129,9,,Aggregated,103.100000,0.000000,3,44,48,48,49,51,52,52,56,58,58,1920,0,44,29.737563515179016,0.9542339248582721,57.53474007360637,2505.1140625
1707677130,9,,Aggregated,99.600000,0.000000,3,44,48,48,49,51,52,52,56,58,58,2018,0,44,29.75929562505233,0.9542339248582721,57.53474007360637,2500.0262636273537
1707677131,9,,Aggregated,97.900000,0.000000,3,44,48,48,49,51,52,52,56,58,58,2119,0,44,29.87708810968707,0.9542339248582721,57.53474007360637,2487.348277489382
1707677132,9,,Aggregated,103.200000,0.000000,3,44,48,48,49,51,52,52,56,58,58,2237,0,44,29.80917904094681,0.9542339248582721,57.53474007360637,2496.9722843093427
1707677133,9,,Aggregated,104.100000,0.000000,3,44,48,48,49,51,52,52,56,58,58,2321,0,44,29.791181707280845,0.9542339248582721,57.53474007360637,2500.6777251184835
1707677134,9,,Aggregated,99.800000,0.000000,3,44,48,48,49,51,52,52,56,58,58,2420,0,44,29.811092158385037,0.9542339248582721,57.53474007360637,2494.930991735537
1707677135,9,,Aggregated,99.900000,0.000000,3,44,48,48,49,51,52,52,56,58,58,2532,0,44,29.840680246477163,0.9542339248582721,57.53474007360637,2490.8633491311216
1707677136,9,,Aggregated,101.900000,0.000000,3,44,48,48,49,51,52,52,56,58,58,2639,0,44,29.812096460278077,0.9542339248582721,57.53474007360637,2490.752936718454
1707677137,9,,Aggregated,102.200000,0.000000,3,44,48,48,49,51,52,52,56,58,58,2728,0,44,29.75976631838058,0.9542339248582721,57.53474007360637,2497.701246334311
1707677138,9,,Aggregated,99.800000,0.000000,3,44,48,48,49,51,52,52,56,58,58,2826,0,44,29.787740984334103,0.9542339248582721,57.53474007360637,2493.6889596602973
1707677139,9,,Aggregated,99.000000,0.000000,3,44,48,48,49,51,52,52,56,58,58,2920,0,44,29.82849716603571,0.9030820801854134,57.53474007360637,2491.7811643835616
1707677140,9,,Aggregated,102.900000,0.000000,3,44,48,48,49,51,52,52,56,58,58,3052,0,44,29.782451327905722,0.9030820801854134,57.53474007360637,2491.2346002621234
1707677141,9,,Aggregated,102.800000,0.000000,3,44,48,48,49,51,52,52,56,58,58,3129,0,44,29.760124839459255,0.9030820801854134,57.53474007360637,2491.3141578779164
1707677142,9,,Aggregated,100.400000,0.000000,3,44,48,48,49,51,52,52,56,58,58,3230,0,44,29.73697258796739,0.9030820801854134,57.53474007360637,2492.337770897833
1707677143,9,,Aggregated,97.700000,0.000000,3,44,48,48,49,51,52,52,56,58,58,3335,0,44,29.767898948949718,0.9030820801854134,57.53474007360637,2487.673763118441
1707677144,9,,Aggregated,102.900000,0.000000,3,44,48,48,49,51,52,52,56,58,58,3463,0,44,29.71052439282819,0.9030820801854134,57.53474007360637,2492.7929540860528
1707677145,9,,Aggregated,102.200000,0.000000,3,44,48,48,49,51,52,52,56,58,58,3528,0,44,29.72577038693454,0.9030820801854134,57.53474007360637,2490.045918367347
1707677146,9,,Aggregated,98.900000,0.000000,3,44,48,48,49,51,52,52,56,58,58,3630,0,44,29.704136052361328,0.9030820801854134,57.53474007360637,2494.0093663911844
1707677147,9,,Aggregated,101.000000,0.000000,3,44,48,48,49,51,52,52,56,58,58,3749,0,44,29.733269814461238,0.9030820801854134,57.53474007360637,2490.497199253134
1707677148,9,,Aggregated,103.300000,0.000000,3,44,48,48,49,51,52,52,56,58,58,3855,0,44,29.68359691415214,0.9030820801854134,57.53474007360637,2490.208300907912
1707677149,9,,Aggregated,102.200000,0.000000,3,44,48,48,49,51,52,52,56,58,58,3940,0,44,29.692728490613607,0.9030820801854134,57.53474007360637,2490.016497461929
1707677150,9,,Aggregated,99.300000,0.000000,3,44,47,48,49,51,52,52,56,58,58,4038,0,44,29.69557297194733,0.9030820801854134,57.53474007360637,2489.5839524517087
1707677151,9,,Aggregated,100.300000,0.000000,3,44,47,48,49,51,52,52,56,58,58,4153,0,44,29.665034500912977,0.9030820801854134,57.53474007360637,2493.253070069829
1707677152,9,,Aggregated,102.200000,0.000000,3,44,47,48,49,51,52,52,56,58,58,4262,0,44,29.68846184869875,0.9030820801854134,57.53474007360637,2487.8873768183953
1707677153,9,,Aggregated,102.300000,0.000000,3,44,47,48,49,51,52,52,56,58,58,4343,0,44,29.660748079485185,0.9030820801854134,57.53474007360637,2492.468800368409
1707677154,9,,Aggregated,100.700000,0.000000,3,44,47,48,49,51,52,52,56,58,58,4445,0,44,29.655737902354176,0.9030820801854134,57.53474007360637,2493.0785151856016
1707677155,9,,Aggregated,99.700000,0.000000,3,44,47,48,49,51,52,52,56,58,58,4550,0,44,29.670302980466857,0.9030820801854134,57.53474007360637,2486.9035164835163
1707677156,9,,Aggregated,104.600000,0.000000,3,44,47,48,49,51,52,52,56,58,58,4679,0,44,29.63459936867194,0.9030820801854134,57.53474007360637,2490.0151741825175
1707677157,9,,Aggregated,101.400000,0.000000,3,44,47,48,49,51,52,52,56,58,58,4750,0,44,29.62278107710575,0.9030820801854134,57.53474007360637,2491.6265263157893
1707677158,9,,Aggregated,98.700000,0.000000,3,44,47,48,49,51,52,52,56,58,58,4850,0,44,29.622329706062093,0.889852992258966,57.53474007360637,2490.576701030928
1707677159,9,,Aggregated,100.700000,0.000000,3,44,47,48,49,51,52,52,56,58,58,4963,0,44,29.65739592099151,0.889852992258966,57.53474007360637,2486.3389079185977
1707677160,9,,Aggregated,103.900000,0.000000,3,44,47,48,49,51,52,52,56,58,58,5075,0,44,29.613731704615606,0.889852992258966,57.53474007360637,2493.133596059113
1707677161,9,,Aggregated,102.000000,0.000000,3,44,47,48,48,51,52,52,56,58,58,5154,0,44,29.63926222086456,0.889852992258966,57.53474007360637,2489.604772991851
1707677162,9,,Aggregated,99.100000,0.000000,3,44,47,48,48,51,52,52,56,58,58,5251,0,44,29.623297282604213,0.889852992258966,57.53474007360637,2489.2502380498954
1707677163,9,,Aggregated,102.300000,0.000000,3,44,47,48,48,51,52,52,56,60,60,5377,0,44,29.60865038758158,0.889852992258966,59.63908904232085,2489.5406360424026
1707677164,9,,Aggregated,102.300000,0.000000,3,44,47,48,48,51,52,52,56,60,60,5476,0,44,29.599596992659894,0.889852992258966,59.63908904232085,2490.7602264426587
1707677165,9,,Aggregated,100.500000,0.000000,3,44,47,48,48,51,52,52,56,60,60,5565,0,44,29.618847222269913,0.889852992258966,59.63908904232085,2488.9238095238097
1707677166,9,,Aggregated,99.100000,0.000000,3,44,47,48,48,51,52,52,56,60,60,5662,0,44,29.61206073400751,0.889852992258966,59.63908904232085,2489.382373719534
1707677167,9,,Aggregated,101.200000,0.000000,3,44,47,48,48,51,52,52,56,60,60,5766,0,44,29.614105857300604,0.889852992258966,59.63908904232085,2488.120013874436
1707677168,9,,Aggregated,103.800000,0.000000,3,44,47,48,48,51,52,52,56,60,60,5893,0,44,29.59516995750657,0.889852992258966,59.63908904232085,2489.5693195316476
1707677169,9,,Aggregated,101.000000,0.000000,3,44,47,48,48,51,52,52,56,60,60,5969,0,44,29.585956121224758,0.889852992258966,59.63908904232085,2489.912380633272
1707677170,9,,Aggregated,99.200000,0.000000,3,44,47,48,48,51,52,52,56,60,60,6061,0,44,29.610351795249052,0.889852992258966,59.63908904232085,2487.4637848539846
1707677171,9,,Aggregated,100.600000,0.000000,3,44,47,48,48,51,52,52,56,60,60,6181,0,44,29.603265251539728,0.889852992258966,59.63908904232085,2487.7756026532925
1707677172,9,,Aggregated,103.900000,0.000000,3,44,47,48,48,51,52,52,56,60,60,6300,0,44,29.560387004388584,0.889852992258966,59.63908904232085,2491.8319047619048
1707677173,9,,Aggregated,100.500000,0.000000,3,44,47,48,48,51,52,52,56,60,60,6363,0,44,29.605031592546595,0.889852992258966,59.63908904232085,2486.5167373880245
1707677174,9,,Aggregated,98.000000,0.000000,3,44,47,48,48,51,52,52,56,60,60,6465,0,44,29.594802538189413,0.889852992258966,59.63908904232085,2489.065893271462
1707677175,9,,Aggregated,103.300000,0.000000,3,44,47,48,48,51,52,52,56,60,60,6594,0,44,29.59577578269928,0.889852992258966,59.63908904232085,2488.2250530785564
1707677176,9,,Aggregated,103.500000,0.000000,3,44,47,48,48,51,52,52,56,60,60,6689,0,44,29.55878643785229,0.889852992258966,59.63908904232085,2491.6794737628943
1707677177,9,,Aggregated,100.800000,0.000000,3,44,47,48,48,51,52,52,56,60,60,6776,0,44,29.600523332063243,0.889852992258966,59.63908904232085,2487.839580873672
1707677178,9,,Aggregated,98.400000,0.000000,3,44,47,48,48,51,52,52,56,60,60,6878,0,44,29.60670088874417,0.889852992258966,59.63908904232085,2487.9210526315787
1707677179,9,,Aggregated,102.000000,0.000000,3,44,47,48,48,51,52,52,56,60,60,6996,0,44,29.579453323439925,0.889852992258966,59.63908904232085,2490.489851343625
1707677180,9,,Aggregated,102.400000,0.000000,3,44,47,48,48,51,52,52,56,60,60,7097,0,44,29.573977881250176,0.889852992258966,59.63908904232085,2489.7390446667605
1707677181,9,,Aggregated,100.600000,0.000000,3,44,47,48,48,51,52,52,56,60,60,7180,0,44,29.58233803168554,0.889852992258966,59.63908904232085,2489.3037604456827
1707677182,9,,Aggregated,99.400000,0.000000,3,44,47,48,48,51,52,52,56,60,60,7282,0,44,29.576119935774752,0.8688910165801644,59.63908904232085,2489.525130458665
1707677183,9,,Aggregated,101.200000,0.000000,3,44,47,48,48,51,52,52,56,60,60,7397,0,44,29.574219810803985,0.8688910165801644,59.63908904232085,2486.8699472759226
1707677184,9,,Aggregated,105.200000,0.000000,3,44,47,48,48,51,52,52,56,60,60,7515,0,44,29.541693462560193,0.8688910165801644,59.63908904232085,2490.667864271457
1707677185,9,,Aggregated,100.100000,0.000000,3,44,47,48,48,51,52,52,56,60,60,7588,0,44,29.549821899607572,0.8688910165801644,59.63908904232085,2489.728782287823
1707677186,9,,Aggregated,97.500000,0.000000,3,44,47,48,48,51,52,52,56,60,60,7688,0,44,29.576704645042167,0.8688910165801644,59.63908904232085,2487.8604318418315
1707677187,9,,Aggregated,102.200000,0.000000,3,44,47,48,48,51,52,52,56,60,60,7807,0,44,29.581662033094887,0.8688910165801644,59.63908904232085,2486.0563596772126
1707677188,9,,Aggregated,104.100000,0.000000,3,44,47,48,48,51,52,52,56,60,60,7911,0,44,29.531389451618086,0.8688910165801644,59.63908904232085,2491.537479458981
1707677189,9,,Aggregated,100.400000,0.000000,3,44,47,48,48,51,52,52,56,60,60,7990,0,44,29.56606783696948,0.8688910165801644,59.63908904232085,2489.1408010012515
1707677190,9,,Aggregated,99.300000,0.000000,3,44,47,48,48,51,52,52,56,60,60,8094,0,44,29.5797031481693,0.8688910165801644,59.63908904232085,2487.071534469978
1707677191,9,,Aggregated,103.800000,0.000000,3,44,47,48,48,51,52,52,56,60,60,8221,0,44,29.569760840302322,0.8688910165801644,59.63908904232085,2488.1525361878116
1707677192,9,,Aggregated,102.500000,0.000000,3,44,47,48,48,51,52,52,56,60,60,8307,0,44,29.548273082612127,0.8688910165801644,59.63908904232085,2490.1816540267246
1707677193,9,,Aggregated,99.800000,0.000000,3,44,47,48,48,51,52,52,56,60,60,8404,0,44,29.568215496595954,0.8688910165801644,59.63908904232085,2489.099238457877
1707677194,9,,Aggregated,98.600000,0.000000,3,44,47,48,48,51,52,52,56,60,60,8500,0,44,29.58122930983903,0.8688910165801644,59.63908904232085,2487.340117647059
1707677195,9,,Aggregated,102.600000,0.000000,3,44,47,48,48,51,52,52,56,60,60,8610,0,44,29.57604408034845,0.8688910165801644,59.63908904232085,2487.2638792102207
1707677196,9,,Aggregated,103.900000,0.000000,3,44,47,48,48,51,52,52,56,60,60,8715,0,44,29.549086931425002,0.8688910165801644,59.63908904232085,2490.416064257028
1707677197,9,,Aggregated,100.400000,0.000000,3,44,47,48,48,51,52,52,56,60,60,8810,0,44,29.547026127637086,0.8688910165801644,59.63908904232085,2488.2749148694666
1707677198,9,,Aggregated,99.700000,0.000000,3,44,47,48,48,51,52,52,56,60,60,8905,0,44,29.555458016053013,0.8688910165801644,59.63908904232085,2486.8492981471086
1707677199,9,,Aggregated,102.300000,0.000000,3,44,47,48,48,51,52,52,56,60,60,9027,0,44,29.54592327172302,0.8688910165801644,59.63908904232085,2486.7601639525865
1707677200,9,,Aggregated,103.500000,0.000000,3,44,47,48,48,51,52,52,56,65,65,9130,0,44,29.532923729659792,0.8688910165801644,64.79081499855965,2490.258269441402
1707677201,9,,Aggregated,99.700000,0.000000,3,44,47,48,48,51,52,52,56,65,65,9201,0,44,29.558651192215383,0.8688910165801644,64.79081499855965,2486.9796761221605
1707677202,9,,Aggregated,99.000000,0.000000,3,44,47,48,48,51,52,52,56,65,65,9308,0,44,29.55730804112871,0.8688910165801644,64.79081499855965,2487.191125913193
1707677203,9,,Aggregated,104.200000,0.000000,3,44,47,48,48,51,52,52,56,65,65,9438,0,44,29.541802285317058,0.8688910165801644,64.79081499855965,2487.4123755032847
1707677204,9,,Aggregated,103.100000,0.000000,3,44,47,48,48,51,52,52,56,65,65,9524,0,44,29.50695078836223,0.8688910165801644,64.79081499855965,2489.992440151197
1707677205,9,,Aggregated,99.900000,0.000000,3,44,47,48,48,51,52,52,56,65,65,9618,0,44,29.53003869236031,0.8688910165801644,64.79081499855965,2488.0333749220213
1707677206,9,,Aggregated,99.700000,0.000000,3,44,47,48,48,51,52,52,56,65,65,9724,0,44,29.537296244958018,0.8688910165801644,64.79081499855965,2486.9358288770054
1707677207,9,,Aggregated,103.100000,0.000000,3,44,47,48,48,51,52,52,56,65,65,9844,0,44,29.52260269563426,0.8688910165801644,64.79081499855965,2488.292462413653
1707677208,9,,Aggregated,101.500000,0.000000,3,44,47,48,48,51,52,52,56,65,65,9928,0,44,29.52615524078198,0.8688910165801644,64.79081499855965,2488.608279613215
1707677209,9,,Aggregated,100.100000,0.000000,3,44,47,48,48,51,52,52,56,60,65,10017,0,44,29.536145311913042,0.8688910165801644,64.79081499855965,2488.21902765299
1707677210,9,,Aggregated,100.400000,0.000000,3,44,47,48,48,51,52,52,56,60,65,10125,0,44,29.540321886516463,0.8688910165801644,64.79081499855965,2488.620049382716
1707677211,9,,Aggregated,102.100000,0.000000,3,44,47,48,48,51,52,52,56,60,65,10241,0,44,29.542342190392105,0.8688910165801644,64.79081499855965,2486.5070793867785
1707677212,9,,Aggregated,103.700000,0.000000,3,44,47,48,48,51,52,52,56,60,65,10338,0,44,29.529429325750314,0.8688910165801644,64.79081499855965,2489.011801122074
1707677213,9,,Aggregated,99.500000,0.000000,3,44,47,48,48,51,52,52,56,60,65,10426,0,44,29.527007846531358,0.8688910165801644,64.79081499855965,2488.499808171878
1707677214,9,,Aggregated,98.800000,0.000000,3,44,47,48,48,51,52,52,56,60,65,10532,0,44,29.537271244755242,0.8688910165801644,64.79081499855965,2487.230630459552
1707677215,9,,Aggregated,102.900000,0.000000,3,44,47,48,48,51,52,52,56,60,65,10651,0,44,29.534712485131305,0.8688910165801644,64.79081499855965,2486.822176321472
1707677216,9,,Aggregated,102.900000,0.000000,3,44,47,48,48,51,52,52,56,60,65,10734,0,44,29.5145565277156,0.8688910165801644,64.79081499855965,2489.3176821315446
1707677217,9,,Aggregated,99.000000,0.000000,3,44,47,48,48,51,52,52,56,60,65,10825,0,44,29.522437516903164,0.8688910165801644,64.79081499855965,2488.555935334873
1707677218,9,,Aggregated,100.500000,0.000000,3,44,47,48,48,51,52,52,56,60,65,10938,0,44,29.52691131864844,0.8688910165801644,64.79081499855965,2486.6793746571584
1707677219,9,,Aggregated,104.300000,0.000000,3,44,47,48,48,51,52,52,56,60,65,11064,0,44,29.51898178922099,0.8688910165801644,64.79081499855965,2487.6769703543023
1707677220,9,,Aggregated,101.800000,0.000000,3,44,47,48,48,51,52,52,56,65,92,11139,0,44,29.51442883458856,0.8688910165801644,92.16042899060994,2488.3995870365384
1707677221,9,,Aggregated,99.000000,0.000000,3,44,47,48,48,51,52,52,56,72,92,11238,0,44,29.52506087602425,0.8688910165801644,92.16042899060994,2488.742391884677
1707677222,9,,Aggregated,100.100000,0.000000,3,44,47,48,48,51,52,52,56,72,92,11343,0,44,29.53704960424736,0.8688910165801644,92.16042899060994,2487.079873049458
1707677223,9,,Aggregated,103.100000,0.000000,3,44,47,48,48,51,52,52,56,72,92,11454,0,44,29.52943697739822,0.8469639578834176,92.16042899060994,2486.8474768639776
1707677224,9,,Aggregated,102.500000,0.000000,3,44,47,48,48,51,52,52,56,72,92,11547,0,44,29.507040023481334,0.8469639578834176,92.16042899060994,2489.41759764441
1707677225,9,,Aggregated,99.500000,0.000000,3,44,47,48,48,51,52,52,56,72,92,11643,0,44,29.50649691729561,0.8469639578834176,92.16042899060994,2488.344670617538
1707677226,9,,Aggregated,100.800000,0.000000,3,44,47,48,48,51,52,52,56,72,92,11747,0,44,29.521321381265928,0.8469639578834176,92.16042899060994,2486.9041457393378
1707677227,9,,Aggregated,103.200000,0.000000,3,44,47,48,48,51,52,52,56,72,92,11870,0,44,29.518445133641144,0.8469639578834176,92.16042899060994,2486.650379106992
1707677228,9,,Aggregated,101.500000,0.000000,3,44,47,48,48,51,52,52,56,72,92,11963,0,44,29.499343345088484,0.8469639578834176,92.16042899060994,2489.1326590320155
1707677229,9,,Aggregated,98.500000,0.000000,3,44,47,48,48,51,52,52,56,72,92,12039,0,44,29.516582253500225,0.8469639578834176,92.16042899060994,2487.7439156076084
1707677230,9,,Aggregated,99.800000,0.000000,3,44,47,48,48,51,52,52,56,72,92,12150,0,44,29.528803633345834,0.8469639578834176,92.16042899060994,2487.150452674897
1707677231,9,,Aggregated,104.900000,0.000000,3,44,47,48,48,51,52,52,56,72,92,12278,0,44,29.52487859713776,0.8469639578834176,92.16042899060994,2487.693109626975
1707677232,9,,Aggregated,101.500000,0.000000,3,44,47,48,48,51,52,52,56,72,92,12345,0,44,29.51916009872328,0.8469639578834176,92.16042899060994,2487.8385581206967
1707677233,9,,Aggregated,99.000000,0.000000,3,44,47,48,48,51,52,52,56,72,92,12451,0,44,29.527454180483268,0.8469639578834176,92.16042899060994,2487.3549915669423
1707677234,9,,Aggregated,100.900000,0.000000,3,44,47,48,48,51,52,52,56,72,92,12566,0,44,29.526807316477388,0.8469639578834176,92.16042899060994,2486.954241604329
1707677235,9,,Aggregated,103.400000,0.000000,3,44,47,48,48,51,52,52,56,72,92,12680,0,44,29.515492096793036,0.8469639578834176,92.16042899060994,2489.0382492113563
1707677236,9,,Aggregated,99.400000,0.000000,3,44,47,48,48,51,52,52,56,72,92,12750,0,44,29.539425520938547,0.8469639578834176,92.16042899060994,2486.664156862745
1707677237,9,,Aggregated,99.200000,0.000000,3,44,47,48,48,51,52,52,56,72,92,12853,0,44,29.529910930838152,0.8469639578834176,92.16042899060994,2487.744962265619
1707677238,9,,Aggregated,102.400000,0.000000,3,44,47,48,48,51,52,52,56,72,92,12968,0,44,29.539454507617506,0.8469639578834176,92.16042899060994,2488.11181369525
1707677239,9,,Aggregated,102.400000,0.000000,3,44,47,48,48,51,52,52,56,72,92,13072,0,44,29.52647703245078,0.8469639578834176,92.16042899060994,2488.435281517748
1707677240,9,,Aggregated,101.500000,0.000000,3,44,47,48,48,51,52,52,56,72,92,13166,0,44,29.535419891370378,0.8469639578834176,92.16042899060994,2487.5983594106033
1707677241,9,,Aggregated,98.200000,0.000000,3,44,47,48,48,51,52,52,56,72,92,13261,0,44,29.525729336085618,0.8469639578834176,92.16042899060994,2488.014704773396
1707677242,9,,Aggregated,100.400000,0.000000,3,44,47,48,48,51,52,52,56,72,92,13376,0,44,29.531737430056747,0.8469639578834176,92.16042899060994,2486.9779455741627
1707677243,9,,Aggregated,103.000000,0.000000,3,44,47,48,48,51,52,52,56,72,92,13483,0,44,29.526394738368886,0.8469639578834176,92.16042899060994,2487.753244826819
1707677244,9,,Aggregated,101.000000,0.000000,3,44,47,48,48,51,52,52,56,72,92,13563,0,44,29.522338012711774,0.8469639578834176,92.16042899060994,2488.7732802477326
1707677245,9,,Aggregated,99.200000,0.000000,3,44,47,48,48,51,52,52,56,72,92,13664,0,44,29.53169656621064,0.8469639578834176,92.16042899060994,2487.560158079625
1707677246,9,,Aggregated,102.700000,0.000000,3,44,47,48,48,51,52,52,56,72,92,13780,0,44,29.527845247474623,0.8469639578834176,92.16042899060994,2486.7539187227867
1707677247,9,,Aggregated,104.000000,0.000000,3,44,47,48,48,51,52,52,56,72,92,13896,0,44,29.50890875054793,0.8469639578834176,92.16042899060994,2489.142127230858
1707677248,9,,Aggregated,99.100000,0.000000,3,44,47,48,48,51,52,52,56,72,92,13967,0,44,29.520310176913316,0.8469639578834176,92.16042899060994,2487.507553519009
1707677249,9,,Aggregated,99.000000,0.000000,3,44,47,48,48,51,52,52,56,72,92,14079,0,44,29.517808402144954,0.8469639578834176,92.16042899060994,2487.5292989558916
1707677250,9,,Aggregated,102.500000,0.000000,3,44,47,48,48,51,52,52,56,72,92,14189,0,44,29.526921522636428,0.8469639578834176,92.16042899060994,2486.4313200366482
1707677251,9,,Aggregated,103.100000,0.000000,3,44,47,48,48,51,52,52,56,72,92,14283,0,44,29.509879250038576,0.8469639578834176,92.16042899060994,2488.8879787159563
1707677252,9,,Aggregated,101.100000,0.000000,3,44,47,48,48,51,52,52,56,72,92,14378,0,44,29.51904941510505,0.8469639578834176,92.16042899060994,2487.9143135345666
1707677253,9,,Aggregated,99.600000,0.000000,3,44,47,48,48,51,52,52,56,72,92,14482,0,44,29.515296435627665,0.8469639578834176,92.16042899060994,2487.4527689545644
1707677254,9,,Aggregated,103.200000,0.000000,3,44,47,48,48,51,52,52,56,72,92,14593,0,44,29.519820465012057,0.8469639578834176,92.16042899060994,2487.0030836702526
1707677255,9,,Aggregated,102.300000,0.000000,3,44,47,48,48,51,52,52,56,72,92,14700,0,44,29.507187611992048,0.8469639578834176,92.16042899060994,2488.5212244897957
1707677256,9,,Aggregated,100.100000,0.000000,3,44,47,48,48,51,52,52,56,72,92,14793,0,44,29.51554992243248,0.8469639578834176,92.16042899060994,2487.8750084499425
1707677257,9,,Aggregated,99.100000,0.000000,3,44,47,48,48,51,52,52,56,72,92,14878,0,44,29.52675011394358,0.8469639578834176,92.16042899060994,2486.9835999462293
1707677258,9,,Aggregated,102.300000,0.000000,3,44,47,48,48,51,52,52,56,72,92,14992,0,44,29.526486111210467,0.8469639578834176,92.16042899060994,2487.1363393810034
1707677259,9,,Aggregated,103.800000,0.000000,3,44,47,48,48,51,52,52,56,72,92,15105,0,44,29.511471385508035,0.8469639578834176,92.16042899060994,2488.525653757034
1707677260,9,,Aggregated,99.800000,0.000000,3,44,47,48,48,51,52,52,56,72,92,15184,0,44,29.511630037569837,0.8469639578834176,92.16042899060994,2488.1819020021076
1707677261,9,,Aggregated,99.400000,0.000000,3,44,47,48,48,51,52,52,56,72,92,15291,0,44,29.522763900344003,0.8469639578834176,92.16042899060994,2486.970701719966
1707677262,9,,Aggregated,102.500000,0.000000,3,44,47,48,48,51,52,52,56,72,92,15407,0,44,29.523799238244607,0.8469639578834176,92.16042899060994,2487.0246641137146
1707677263,9,,Aggregated,101.900000,0.000000,3,44,47,48,48,51,52,52,56,72,92,15506,0,44,29.504745452818312,0.8469639578834176,92.16042899060994,2488.612730555914
1707677264,9,,Aggregated,98.800000,0.000000,3,44,47,48,48,51,52,52,56,72,92,15588,0,44,29.525039948638117,0.8469639578834176,92.16042899060994,2486.66827046446
1707677265,9,,Aggregated,99.500000,0.000000,3,44,47,48,48,51,52,52,56,72,92,15693,0,44,29.519170677057144,0.8469639578834176,92.16042899060994,2487.8353405977186
1707677266,9,,Aggregated,104.100000,0.000000,3,44,47,48,48,51,52,52,56,72,92,15815,0,44,29.522838649966253,0.8469639578834176,92.16042899060994,2487.3039519443564
1707677267,9,,Aggregated,101.000000,0.000000,3,44,47,48,48,51,52,52,56,72,92,15898,0,44,29.518312829628233,0.8469639578834176,92.16042899060994,2487.4581708390992
1707677268,9,,Aggregated,101.000000,0.000000,3,44,47,48,48,51,52,52,56,72,92,16004,0,44,29.520567055424184,0.8469639578834176,92.16042899060994,2487.4533866533366
1707677269,9,,Aggregated,99.800000,0.000000,3,44,47,48,48,51,52,52,56,72,92,16105,0,44,29.516260304548382,0.8469639578834176,92.16042899060994,2488.1045017075444
1707677270,9,,Aggregated,102.000000,0.000000,3,44,47,48,48,51,52,52,56,72,92,16215,0,44,29.521557383541957,0.8469639578834176,92.16042899060994,2487.3060129509713
1707677271,9,,Aggregated,101.500000,0.000000,3,44,47,48,48,51,52,52,56,72,92,16302,0,44,29.52348265594148,0.8469639578834176,92.16042899060994,2487.2493559072504
1707677272,9,,Aggregated,100.100000,0.000000,3,44,47,48,48,51,52,52,56,72,92,16403,0,44,29.518690691806185,0.8469639578834176,92.16042899060994,2488.15997073706
1707677273,9,,Aggregated,101.000000,0.000000,3,44,47,48,48,51,52,52,56,72,92,16503,0,44,29.527401877973492,0.8469639578834176,92.16042899060994,2487.3021874810643
1707677274,9,,Aggregated,102.800000,0.000000,3,44,47,48,48,51,52,52,56,72,92,16621,0,44,29.52281321188034,0.8469639578834176,92.16042899060994,2486.9413994344504
1707677275,9,,Aggregated,102.700000,0.000000,3,44,47,48,48,51,52,52,56,72,92,16718,0,44,29.513570724724165,0.8469639578834176,92.16042899060994,2487.98109821749
1707677276,9,,Aggregated,98.400000,0.000000,3,44,47,48,48,51,52,52,56,72,92,16804,0,44,29.52193939734876,0.8469639578834176,92.16042899060994,2487.428826469888
1707677277,9,,Aggregated,100.400000,0.000000,3,44,47,48,48,51,52,52,56,72,92,16918,0,44,29.520474865801173,0.8214570116251707,92.16042899060994,2487.276923986287
1707677278,9,,Aggregated,102.800000,0.000000,3,44,47,48,48,51,52,52,56,72,92,17029,0,44,29.526124625156726,0.8214570116251707,92.16042899060994,2486.791473368959
1707677279,9,,Aggregated,100.600000,0.000000,3,44,47,48,48,51,52,52,56,72,92,17102,0,44,29.521989659730263,0.8214570116251707,92.16042899060994,2487.612852297977
1707677280,9,,Aggregated,100.600000,0.000000,3,44,47,48,48,51,52,52,56,72,92,17218,0,44,29.52233728773019,0.8214570116251707,92.16042899060994,2487.4814147984666
