Timestamp,User Count,Type,Name,Requests/s,Failures/s,50%,66%,75%,80%,90%,95%,98%,99%,99.9%,99.99%,100%,Total Request Count,Total Failure Count,Total Median Response Time,Total Average Response Time,Total Min Response Time,Total Max Response Time,Total Average Content Size
1699650070,0,,Aggregated,0.000000,0.000000,N/A,N/A,N/A,N/A,N/A,N/A,N/A,N/A,N/A,N/A,N/A,0,0,0,0.0,0,0,0
1699650071,1,,Aggregated,0.000000,0.000000,2,7,8,9,13,14,15,15,15,15,15,21,0,2,5.618517047661866,1.4796440009376965,15.281113002856728,5779.0
1699650072,2,,Aggregated,0.000000,0.000000,2,6,7,8,11,13,14,15,15,15,15,63,0,2,4.877933507645688,1.377059001242742,15.281113002856728,7281.015873015873
1699650073,3,,Aggregated,21.000000,0.000000,3,6,7,8,9,12,14,14,15,15,15,126,0,3,4.8495700711288325,1.2700420047622174,15.281113002856728,6001.428571428572
1699650074,4,,Aggregated,28.000000,0.000000,3,6,7,8,10,11,13,14,15,15,15,210,0,3,4.751857090117743,1.1364070014678873,15.281113002856728,5614.347619047619
1699650075,5,,Aggregated,33.000000,0.000000,3,6,7,8,10,11,12,14,15,15,15,315,0,3,4.733840590305922,1.1364070014678873,15.281113002856728,5538.774603174603
1699650076,6,,Aggregated,39.250000,0.000000,4,6,7,8,10,11,12,13,15,15,15,441,0,4,4.910044183484316,1.1364070014678873,15.281113002856728,5423.015873015873
1699650077,7,,Aggregated,50.400000,0.000000,4,6,7,8,10,11,12,13,15,15,15,588,0,4,4.926896758506638,1.1364070014678873,15.281113002856728,5431.377551020408
1699650078,8,,Aggregated,58.500000,0.000000,3,6,7,8,10,11,12,13,15,15,15,756,0,3,4.86014629506499,1.1364070014678873,15.281113002856728,5295.023809523809
1699650079,9,,Aggregated,66.857143,0.000000,3,6,7,8,10,11,12,13,15,15,15,945,0,3,4.872132264557799,1.1364070014678873,15.281113002856728,5369.298412698413
1699650080,10,,Aggregated,78.750000,0.000000,3,6,7,8,10,11,12,13,15,15,15,1148,0,3,4.86436540594591,1.1364070014678873,15.281113002856728,5365.588850174216
1699650081,11,,Aggregated,87.666667,0.000000,3,6,7,8,10,11,12,13,15,28,28,1365,0,3,4.806353660827441,1.0715560056269169,27.574953994189855,5383.197802197802
1699650082,12,,Aggregated,98.100000,0.000000,3,6,7,8,10,11,12,13,15,28,28,1581,0,3,4.8505674332806565,1.0715560056269169,27.574953994189855,5303.443390259329
1699650083,13,,Aggregated,116.500000,0.000000,3,6,7,8,10,11,12,13,49,62,62,1847,0,3,5.030203868444997,1.0397369987913407,61.900067994429264,5311.846237141311
1699650084,14,,Aggregated,136.000000,0.000000,4,6,7,8,10,11,13,26,57,62,62,2105,0,4,5.279234241370129,1.0397369987913407,61.900067994429264,5304.390973871734
1699650085,15,,Aggregated,154.000000,0.000000,4,6,7,8,10,11,13,20,57,62,62,2415,0,4,5.207388402958493,1.0397369987913407,61.900067994429264,5366.690683229814
1699650086,16,,Aggregated,172.000000,0.000000,4,6,7,8,10,11,13,20,57,62,62,2725,0,4,5.231633585017418,1.0397369987913407,61.900067994429264,5435.5288073394495
1699650087,17,,Aggregated,192.700000,0.000000,4,6,7,8,10,12,13,29,53,62,62,3039,0,4,5.312172163963619,1.0397369987913407,61.900067994429264,5399.7025337282
1699650088,18,,Aggregated,212.300000,0.000000,4,6,7,8,11,12,15,39,55,62,62,3382,0,4,5.446369701440426,1.0397369987913407,61.900067994429264,5422.829095209935
1699650089,19,,Aggregated,231.300000,0.000000,4,6,7,8,11,12,31,49,86,89,89,3726,0,4,5.962823557230205,1.0397369987913407,89.03076600108761,5411.393719806763
1699650090,20,,Aggregated,246.000000,0.000000,4,7,8,8,11,13,50,70,83,89,89,4057,0,4,6.699281552191306,1.0397369987913407,89.03076600108761,5369.276312546216
1699650091,21,,Aggregated,265.000000,0.000000,4,7,8,9,11,15,67,75,85,89,89,4413,0,4,7.318553819920372,1.0397369987913407,89.03076600108761,5361.51212327215
1699650092,22,,Aggregated,279.400000,0.000000,4,7,8,9,11,22,70,76,87,96,96,4742,0,4,7.741588741311957,1.0397369987913407,96.01816899521509,5378.057992408267
1699650093,23,,Aggregated,291.500000,0.000000,5,7,8,9,12,49,77,83,92,180,180,5088,0,5,8.918940252395362,1.0397369987913407,182.01613899873337,5382.942020440251
1699650094,24,,Aggregated,305.100000,0.000000,5,7,8,9,12,66,81,86,96,180,180,5437,0,5,9.725646223510807,1.0397369987913407,182.01613899873337,5355.092698179143
1699650095,25,,Aggregated,314.900000,0.000000,5,7,8,10,14,75,86,90,99,180,180,5761,0,5,11.011607730298723,1.0397369987913407,182.01613899873337,5373.080367991668
1699650096,25,,Aggregated,326.000000,0.000000,5,7,9,10,19,78,88,91,100,180,180,6071,0,5,11.983939946350754,1.0397369987913407,182.01613899873337,5363.3096689178055
1699650097,25,,Aggregated,329.100000,0.000000,5,7,9,10,46,82,89,92,100,180,180,6411,0,5,12.822521487983082,1.0397369987913407,182.01613899873337,5377.647480892217
1699650098,25,,Aggregated,331.200000,0.000000,5,7,9,11,57,83,89,92,100,180,180,6772,0,5,13.294563185527204,1.0397369987913407,182.01613899873337,5374.7783520378025
1699650099,25,,Aggregated,332.200000,0.000000,5,7,9,11,65,84,89,92,100,180,180,7101,0,5,13.72636947548357,1.0397369987913407,182.01613899873337,5363.129418391776
1699650100,25,,Aggregated,336.200000,0.000000,5,7,9,11,72,85,91,94,170,180,180,7432,0,5,14.688005885816068,1.0397369987913407,182.81807500170544,5379.531889128095
1699650101,25,,Aggregated,336.900000,0.000000,5,7,10,11,74,86,91,94,170,180,180,7758,0,5,15.03138483971121,1.0397369987913407,182.81807500170544,5413.729440577468
1699650102,25,,Aggregated,335.800000,0.000000,5,8,10,11,76,87,92,95,170,180,180,8063,0,5,15.757716468246354,1.0397369987913407,182.81807500170544,5387.743395758403
1699650103,25,,Aggregated,336.200000,0.000000,5,8,10,12,78,87,93,96,180,190,190,8402,0,5,16.389014767137212,1.0397369987913407,185.10234000132186,5380.660199952392
1699650104,25,,Aggregated,332.300000,0.000000,5,8,10,12,78,87,93,96,180,190,190,8732,0,5,16.64390492973712,1.0397369987913407,185.10234000132186,5388.591846083372
1699650105,25,,Aggregated,330.400000,0.000000,5,8,10,12,80,88,93,97,180,190,190,9049,0,5,17.22725106436957,1.0397369987913407,185.10234000132186,5381.550889601061
1699650106,25,,Aggregated,329.600000,0.000000,5,8,10,12,81,88,93,97,180,190,190,9370,0,5,17.64840769257596,1.0397369987913407,185.10234000132186,5373.65613660619
1699650107,25,,Aggregated,328.900000,0.000000,5,8,11,13,82,89,94,97,180,190,190,9674,0,5,18.143906455278177,1.0397369987913407,185.10234000132186,5380.999173041141
1699650108,25,,Aggregated,330.200000,0.000000,5,8,11,13,83,89,95,98,180,190,190,9983,0,5,18.741083626307976,1.0397369987913407,189.20088400045643,5375.3304617850345
1699650109,25,,Aggregated,328.800000,0.000000,5,8,11,13,83,89,95,98,180,190,190,10336,0,5,18.764342031885317,1.0397369987913407,189.20088400045643,5393.773510061919
1699650110,25,,Aggregated,323.900000,0.000000,5,8,11,14,83,90,95,98,180,190,190,10643,0,5,19.153764983131726,1.0397369987913407,189.20088400045643,5363.156816687025
1699650111,25,,Aggregated,321.700000,0.000000,5,8,11,14,84,90,95,99,180,190,190,10964,0,5,19.666658885666088,1.0397369987913407,189.20088400045643,5375.1867019336005
1699650112,25,,Aggregated,323.700000,0.000000,5,8,11,14,84,90,95,99,180,190,190,11295,0,5,19.73518890831948,1.0397369987913407,189.20088400045643,5387.708809207614
1699650113,25,,Aggregated,322.600000,0.000000,6,8,11,15,84,90,96,99,180,190,190,11614,0,6,20.102748166475592,1.0397369987913407,189.20088400045643,5398.2574479076975
1699650114,25,,Aggregated,320.000000,0.000000,6,9,11,15,85,90,96,99,180,190,190,11957,0,6,20.31512663213701,1.0397369987913407,189.20088400045643,5391.1578991385795
1699650115,25,,Aggregated,323.500000,0.000000,6,9,11,16,85,90,95,99,180,190,190,12282,0,6,20.374512139591403,1.0397369987913407,189.20088400045643,5383.207213808826
1699650116,25,,Aggregated,322.700000,0.000000,6,9,12,17,85,91,96,99,180,190,190,12600,0,6,20.783831277097175,1.0397369987913407,189.20088400045643,5382.447301587302
1699650117,25,,Aggregated,322.500000,0.000000,6,9,12,19,85,91,96,99,180,190,190,12893,0,6,21.128174378994046,1.0397369987913407,189.20088400045643,5369.418987047235
1699650118,25,,Aggregated,322.000000,0.000000,6,9,12,27,86,91,96,99,180,190,190,13199,0,6,21.394090218903177,1.0397369987913407,189.20088400045643,5370.850822031972
1699650119,25,,Aggregated,323.100000,0.000000,6,9,12,47,86,91,96,99,180,190,190,13496,0,6,21.780164057818034,1.0397369987913407,189.20088400045643,5380.559795494962
1699650120,25,,Aggregated,324.000000,0.000000,6,9,12,58,86,91,97,99,180,190,190,13803,0,6,22.020355056752585,1.0397369987913407,189.20088400045643,5400.133449250163
1699650121,25,,Aggregated,320.100000,0.000000,6,9,12,62,86,91,96,99,180,190,190,14132,0,6,22.173754371525177,1.0397369987913407,189.20088400045643,5404.615624115482
1699650122,25,,Aggregated,315.700000,0.000000,6,9,12,64,86,91,96,99,180,190,190,14489,0,6,22.26440665541698,1.0397369987913407,189.20088400045643,5401.431913865691
1699650123,25,,Aggregated,314.200000,0.000000,6,9,12,63,86,91,96,99,180,190,190,14834,0,6,22.143881121162735,1.0397369987913407,189.20088400045643,5395.002224619118
1699650124,25,,Aggregated,317.500000,0.000000,6,9,13,66,86,91,96,99,180,190,190,15148,0,6,22.4424871734454,1.0397369987913407,189.20088400045643,5393.648534459995
1699650125,25,,Aggregated,320.200000,0.000000,6,9,13,67,87,92,97,100,180,190,190,15482,0,6,22.59228711131348,1.0397369987913407,189.20088400045643,5383.014533006071
1699650126,25,,Aggregated,321.200000,0.000000,6,9,13,68,87,92,97,99,180,190,190,15806,0,6,22.597164957639578,1.0397369987913407,189.20088400045643,5375.551436163482
1699650127,25,,Aggregated,319.700000,0.000000,6,9,13,70,87,92,97,100,180,190,190,16126,0,6,22.8972408676906,1.0397369987913407,189.20088400045643,5374.949274463599
1699650128,25,,Aggregated,321.200000,0.000000,6,9,13,70,87,92,97,100,180,190,190,16459,0,6,22.95161391046327,1.0397369987913407,189.20088400045643,5372.7943374445595
1699650129,25,,Aggregated,321.600000,0.000000,6,9,13,70,87,92,97,100,180,190,190,16802,0,6,22.980794253501433,1.0397369987913407,189.20088400045643,5379.815736221878
1699650130,25,,Aggregated,321.900000,0.000000,6,9,13,71,87,92,97,100,180,190,190,17126,0,6,23.088140312818396,1.0397369987913407,189.20088400045643,5386.114504262525
1699650131,25,,Aggregated,327.100000,0.000000,6,9,13,72,87,92,97,100,180,190,190,17444,0,6,23.173111272150642,1.0397369987913407,189.20088400045643,5386.167851410227
1699650132,25,,Aggregated,330.300000,0.000000,6,9,13,72,87,92,97,100,180,190,190,17762,0,6,23.394295697965248,1.0397369987913407,189.20088400045643,5394.493638103817
1699650133,25,,Aggregated,333.700000,0.000000,6,10,14,73,87,92,97,100,180,190,190,18079,0,6,23.4698119396717,1.0397369987913407,189.20088400045643,5385.037889263786
1699650134,25,,Aggregated,331.700000,0.000000,6,10,14,74,87,92,97,100,180,190,190,18411,0,6,23.670894846469036,1.0397369987913407,189.20088400045643,5396.076258758351
1699650135,25,,Aggregated,327.100000,0.000000,6,10,14,73,87,92,97,100,180,190,190,18761,0,6,23.58351182577673,1.0397369987913407,189.20088400045643,5404.100154575982
1699650136,25,,Aggregated,323.400000,0.000000,6,10,14,73,87,92,97,100,180,190,190,19090,0,6,23.633290301170753,1.0397369987913407,189.20088400045643,5404.492194866422
1699650137,25,,Aggregated,325.400000,0.000000,6,10,14,74,87,92,97,100,180,190,190,19409,0,6,23.77388526623593,1.0397369987913407,189.20088400045643,5408.620794476789
1699650138,25,,Aggregated,327.900000,0.000000,6,10,14,74,87,92,97,100,180,190,190,19758,0,6,23.78423166972353,1.0397369987913407,189.20088400045643,5405.5647332725985
1699650139,25,,Aggregated,328.500000,0.000000,6,10,14,74,87,92,97,100,180,190,190,20095,0,6,23.865302653018183,1.0397369987913407,189.20088400045643,5414.93869121672
1699650140,25,,Aggregated,329.500000,0.000000,6,10,14,74,87,92,97,100,180,190,190,20436,0,6,23.853194113345822,1.0397369987913407,189.20088400045643,5424.77485809356
1699650141,25,,Aggregated,329.300000,0.000000,6,10,14,74,87,92,97,100,180,190,190,20749,0,6,24.03334159999824,1.0397369987913407,194.4828769992455,5427.407248542098
1699650142,25,,Aggregated,329.700000,0.000000,6,10,14,74,87,92,97,100,180,190,190,21085,0,6,24.06922457924051,1.0397369987913407,194.4828769992455,5434.539909888546
1699650143,25,,Aggregated,329.200000,0.000000,6,10,14,74,87,92,97,100,180,190,190,21421,0,6,24.070028929848846,1.0397369987913407,194.4828769992455,5435.573829419728
1699650144,25,,Aggregated,330.000000,0.000000,6,10,14,75,87,92,97,100,180,190,190,21737,0,6,24.228109337505376,1.0397369987913407,194.4828769992455,5430.781846620969
1699650145,25,,Aggregated,332.100000,0.000000,6,10,15,75,87,92,97,100,180,190,190,22043,0,6,24.310165450996404,1.0397369987913407,194.4828769992455,5428.2473347547975
1699650146,25,,Aggregated,334.400000,0.000000,6,10,15,75,87,92,97,100,180,190,190,22381,0,6,24.44106094890224,1.0397369987913407,194.4828769992455,5427.881908761896
1699650147,25,,Aggregated,333.000000,0.000000,6,10,15,75,87,92,97,100,180,190,190,22702,0,6,24.403079240128577,1.0397369987913407,194.4828769992455,5427.056074354682
1699650148,25,,Aggregated,327.800000,0.000000,6,10,15,76,88,92,97,100,180,190,190,22998,0,6,24.662505457622647,1.0397369987913407,194.4828769992455,5423.992695016958
1699650149,25,,Aggregated,329.500000,0.000000,6,10,15,76,88,92,97,100,180,190,190,23348,0,6,24.641486464558668,1.0397369987913407,194.4828769992455,5428.528267945862
1699650150,25,,Aggregated,328.300000,0.000000,6,10,15,76,88,93,98,100,180,190,190,23653,0,6,24.703482798989224,1.0397369987913407,194.484655999986,5426.840569906566
1699650151,25,,Aggregated,323.500000,0.000000,6,10,15,76,88,93,98,100,190,190,200,23963,0,6,24.989184549571455,1.0397369987913407,195.2571279980475,5429.515085757209
1699650152,25,,Aggregated,324.600000,0.000000,6,10,15,76,88,93,98,100,190,190,200,24311,0,6,24.782826466922007,1.0397369987913407,195.2571279980475,5426.219571387438
1699650153,25,,Aggregated,319.800000,0.000000,6,10,15,76,88,93,98,100,190,190,200,24623,0,6,24.970419632634044,1.0397369987913407,195.2571279980475,5429.304958778378
1699650154,25,,Aggregated,319.900000,0.000000,6,10,15,77,88,93,99,100,190,190,200,24921,0,6,25.148921845005106,1.0397369987913407,195.2571279980475,5433.387384133863
1699650155,25,,Aggregated,321.500000,0.000000,6,10,15,77,88,93,98,100,190,190,200,25206,0,6,25.174492196914155,1.0397369987913407,195.2571279980475,5431.683051654368
1699650156,25,,Aggregated,318.800000,0.000000,6,10,16,77,88,93,99,100,190,190,200,25524,0,6,25.418011680904666,1.0397369987913407,195.2571279980475,5433.077417332706
1699650157,25,,Aggregated,316.700000,0.000000,6,10,16,77,88,93,99,100,190,190,200,25853,0,6,25.391063910472397,1.0397369987913407,195.2571279980475,5437.97679186168
1699650158,25,,Aggregated,314.700000,0.000000,6,10,16,77,88,93,99,100,190,190,200,26169,0,6,25.464141357347277,1.0397369987913407,195.2571279980475,5431.620237685812
1699650159,25,,Aggregated,310.800000,0.000000,6,10,16,77,88,93,99,100,190,190,200,26491,0,6,25.568077191249397,1.0397369987913407,195.2571279980475,5428.476463704655
1699650160,25,,Aggregated,312.600000,0.000000,6,10,16,77,88,93,99,100,190,190,200,26835,0,6,25.48170004666984,1.0397369987913407,195.2571279980475,5426.4287311347125
1699650161,25,,Aggregated,315.400000,0.000000,6,10,16,77,88,93,99,100,190,190,200,27165,0,6,25.551523910927497,1.0397369987913407,195.2571279980475,5435.308264310694
1699650162,25,,Aggregated,312.100000,0.000000,6,10,16,77,88,93,99,100,190,190,200,27501,0,6,25.525394660824325,1.0397369987913407,195.2571279980475,5430.544162030472
1699650163,25,,Aggregated,318.300000,0.000000,6,10,16,77,88,93,99,100,190,190,200,27845,0,6,25.579419404682902,1.0397369987913407,195.2571279980475,5427.489279942539
1699650164,25,,Aggregated,318.400000,0.000000,6,10,17,77,88,93,99,100,190,190,200,28154,0,6,25.65807374186374,1.0397369987913407,195.2571279980475,5425.1652695886905
1699650165,25,,Aggregated,316.500000,0.000000,6,10,17,78,88,93,99,100,190,190,200,28448,0,6,25.71936987860015,1.0397369987913407,195.2571279980475,5420.574873453318
1699650166,25,,Aggregated,320.700000,0.000000,6,10,18,78,89,93,99,100,190,190,200,28754,0,6,25.922633939743314,1.0397369987913407,195.2571279980475,5420.597203867288
1699650167,25,,Aggregated,322.500000,0.000000,6,10,17,78,88,93,99,100,190,190,200,29070,0,6,25.823661292719656,1.0397369987913407,195.2571279980475,5420.887753697971
1699650168,25,,Aggregated,322.500000,0.000000,6,10,18,78,89,94,99,110,190,190,200,29380,0,6,26.040309018559928,1.0397369987913407,195.2571279980475,5421.419707283867
1699650169,25,,Aggregated,322.800000,0.000000,6,10,18,78,89,94,99,110,190,190,200,29705,0,6,26.014154306490937,1.0397369987913407,195.2571279980475,5419.05692644336
1699650170,25,,Aggregated,321.600000,0.000000,6,10,17,78,89,94,99,110,190,190,200,30074,0,6,25.932741814968946,1.0397369987913407,195.2571279980475,5423.893629048347
1699650171,25,,Aggregated,320.400000,0.000000,6,10,18,78,89,94,99,110,190,190,200,30354,0,6,26.08650611189408,1.0397369987913407,195.2571279980475,5420.606378072082
1699650172,25,,Aggregated,322.400000,0.000000,6,10,19,78,89,94,99,110,190,190,200,30654,0,6,26.169367980046744,1.0300730064045638,195.2571279980475,5420.047921967769
1699650173,25,,Aggregated,323.300000,0.000000,6,10,20,78,89,94,99,110,190,190,200,30998,0,6,26.224236873295162,1.0300730064045638,195.2571279980475,5415.357603716368
1699650174,25,,Aggregated,318.900000,0.000000,6,10,20,78,89,94,99,110,190,190,200,31319,0,6,26.184624723408447,1.0300730064045638,195.2571279980475,5410.997317922028
1699650175,25,,Aggregated,315.300000,0.000000,6,10,25,78,89,94,99,110,190,190,200,31620,0,6,26.303367856845895,1.0300730064045638,195.2571279980475,5416.94541429475
1699650176,25,,Aggregated,315.300000,0.000000,6,10,40,79,89,94,99,110,190,190,200,31915,0,6,26.414313159499212,1.0300730064045638,195.2571279980475,5415.687012376626
1699650177,25,,Aggregated,316.200000,0.000000,6,10,37,79,89,94,99,110,190,190,200,32268,0,6,26.375083277126805,1.0300730064045638,195.2571279980475,5417.6962935415895
1699650178,25,,Aggregated,317.100000,0.000000,6,11,40,79,89,94,99,110,190,190,200,32584,0,6,26.38384227425939,1.0300730064045638,195.2571279980475,5415.371501350356
1699650179,25,,Aggregated,316.100000,0.000000,6,11,46,79,89,94,99,110,190,190,200,32917,0,6,26.490903765909238,1.0300730064045638,195.2571279980475,5419.409575599235
1699650180,25,,Aggregated,319.900000,0.000000,6,11,41,79,89,94,99,110,190,190,200,33253,0,6,26.40185288432242,1.0300730064045638,195.2571279980475,5426.021742399182
1699650181,25,,Aggregated,320.100000,0.000000,6,11,45,79,89,94,99,110,190,190,200,33573,0,6,26.44593462557249,1.0300730064045638,195.2571279980475,5421.485866619009
1699650182,25,,Aggregated,319.900000,0.000000,6,11,50,79,89,94,99,110,190,190,200,33872,0,6,26.557282472641656,1.0300730064045638,195.2571279980475,5422.119833490789
1699650183,25,,Aggregated,317.900000,0.000000,6,11,53,79,89,94,99,110,190,190,200,34200,0,6,26.574947334835556,1.0300730064045638,195.2571279980475,5423.4638888888885
1699650184,25,,Aggregated,321.900000,0.000000,6,11,54,79,89,94,99,100,190,190,200,34516,0,6,26.59647077733139,1.0300730064045638,195.2571279980475,5415.629273380461
1699650185,25,,Aggregated,321.800000,0.000000,6,11,58,79,89,94,99,110,190,190,200,34810,0,6,26.69629424025589,1.0300730064045638,195.2571279980475,5414.474719908072
1699650186,25,,Aggregated,320.200000,0.000000,6,11,60,79,89,94,99,100,190,190,200,35122,0,6,26.754196088217903,1.0300730064045638,195.2571279980475,5411.774471841011
1699650187,25,,Aggregated,319.700000,0.000000,6,11,60,79,89,94,99,100,190,190,200,35449,0,6,26.74840516918181,1.0300730064045638,195.2571279980475,5409.576913312082
1699650188,25,,Aggregated,319.000000,0.000000,6,11,60,79,89,94,99,100,190,190,200,35836,0,6,26.71315707172278,1.0300730064045638,195.2571279980475,5413.788480857239
1699650189,25,,Aggregated,320.700000,0.000000,6,11,58,79,89,94,99,100,190,190,200,36150,0,6,26.650617542135695,1.0300730064045638,195.2571279980475,5409.476984785615
1699650190,25,,Aggregated,318.000000,0.000000,6,11,60,79,89,94,99,100,190,190,200,36485,0,6,26.761277858632496,1.0300730064045638,195.2571279980475,5408.028778950254
1699650191,25,,Aggregated,325.200000,0.000000,6,11,60,79,89,94,99,100,190,190,200,36818,0,6,26.715439634039665,1.0300730064045638,195.2571279980475,5407.858954859036
1699650192,25,,Aggregated,323.300000,0.000000,6,11,61,79,89,94,99,100,190,190,200,37096,1,6,26.789168268845458,1.0300730064045638,195.2571279980475,5400.297120983394
1699650193,25,,Aggregated,323.200000,0.000000,7,11,63,80,89,94,100,110,190,190,270,37397,1,7,26.98584930959985,1.0300730064045638,274.6422109994455,5398.091183784795
1699650194,25,,Aggregated,324.500000,0.000000,6,11,61,79,89,94,100,110,190,190,270,37731,1,6,26.85556337600578,1.0300730064045638,274.6422109994455,5395.371286210278
1699650195,25,,Aggregated,322.400000,0.100000,7,11,63,79,89,94,100,110,190,190,270,38031,1,7,26.988590461729927,1.0300730064045638,274.6422109994455,5396.801556624859
1699650196,25,,Aggregated,319.700000,0.100000,7,11,64,80,89,94,100,110,190,190,270,38337,1,7,27.068725442574724,1.0300730064045638,274.6422109994455,5389.545452174139
1699650197,25,,Aggregated,321.500000,0.100000,7,11,63,79,89,94,100,110,190,190,270,38666,1,7,27.006368020017575,1.0300730064045638,274.6422109994455,5391.004603527647
1699650198,25,,Aggregated,322.100000,0.100000,7,11,64,80,89,94,100,150,190,190,270,38998,1,7,27.088655226166725,1.0300730064045638,274.6422109994455,5389.08344017642
1699650199,25,,Aggregated,321.500000,0.100000,7,11,64,80,89,94,100,110,190,190,270,39312,1,7,27.06937694968565,1.0300730064045638,274.6422109994455,5389.610907610908
1699650200,25,,Aggregated,321.700000,0.100000,7,11,65,80,89,94,100,130,190,190,270,39621,1,7,27.159622444258087,1.0300730064045638,274.6422109994455,5382.027182554706
1699650201,25,,Aggregated,316.200000,0.100000,7,11,65,80,89,94,100,110,190,190,270,39953,1,7,27.141639925034315,1.0300730064045638,274.6422109994455,5378.967311591119
1699650202,25,,Aggregated,316.200000,0.100000,7,11,65,80,89,94,100,110,190,190,270,40258,1,7,27.177683978757607,1.0300730064045638,274.6422109994455,5382.709349694471
1699650203,25,,Aggregated,313.600000,0.100000,7,11,66,80,90,94,100,110,190,190,270,40575,1,7,27.253802146613868,1.0300730064045638,274.6422109994455,5385.705187923599
1699650204,25,,Aggregated,313.500000,0.100000,7,11,66,80,90,94,100,110,190,190,270,40887,1,7,27.252058261646074,1.0300730064045638,274.6422109994455,5387.085308288698
1699650205,25,,Aggregated,316.200000,0.000000,7,11,67,80,90,94,100,120,190,190,270,41189,1,7,27.323792400638762,1.0300730064045638,274.6422109994455,5387.94775304086
1699650206,25,,Aggregated,317.800000,0.000000,7,11,67,80,90,95,100,110,190,190,270,41489,1,7,27.393036562797853,1.0300730064045638,274.6422109994455,5387.548048880426
1699650207,25,,Aggregated,315.600000,0.000000,7,11,67,80,90,95,100,110,190,190,270,41834,1,7,27.354154634003272,1.0300730064045638,274.6422109994455,5387.68406081178
1699650208,25,,Aggregated,315.800000,0.000000,7,11,68,80,90,95,100,110,190,190,270,42111,1,7,27.41565932803309,1.0300730064045638,274.6422109994455,5386.321649925198
1699650209,25,,Aggregated,315.200000,0.000000,7,11,68,80,90,95,100,160,190,190,270,42428,1,7,27.534527874486614,1.0300730064045638,274.6422109994455,5395.4876260959745
1699650210,25,,Aggregated,316.800000,0.000000,7,11,68,80,90,95,100,160,190,190,270,42740,1,7,27.475138222641597,1.0300730064045638,274.6422109994455,5392.444992980814
1699650211,25,,Aggregated,311.300000,0.000000,7,11,68,80,90,95,100,160,190,190,270,43045,1,7,27.561748104766377,1.0300730064045638,274.6422109994455,5398.334998257637
1699650212,25,,Aggregated,311.600000,0.000000,7,11,69,80,90,95,100,160,190,190,270,43368,1,7,27.581166386130803,1.0300730064045638,274.6422109994455,5395.304441062534
1699650213,25,,Aggregated,311.900000,0.000000,7,11,68,80,90,95,100,160,190,190,270,43720,1,7,27.551754228653355,1.0300730064045638,274.6422109994455,5395.165347666972
1699650214,25,,Aggregated,309.200000,0.000000,7,11,68,80,90,95,100,160,190,190,270,44058,1,7,27.55189279696798,1.0300730064045638,274.6422109994455,5389.8062780879745
1699650215,25,,Aggregated,311.000000,0.000000,7,11,69,80,90,95,100,160,190,190,270,44389,1,7,27.551470645720638,1.0300730064045638,274.6422109994455,5388.278830340851
1699650217,25,,Aggregated,314.500000,0.000000,7,11,69,80,90,95,100,160,190,190,270,44720,1,7,27.5482609357767,1.0300730064045638,274.6422109994455,5386.90990608229
1699650218,25,,Aggregated,317.100000,0.000000,7,11,69,80,90,95,100,160,190,190,270,45058,1,7,27.54233744844187,1.0300730064045638,274.6422109994455,5385.958342580674
1699650219,25,,Aggregated,320.000000,0.000000,7,11,69,80,90,95,100,160,190,190,270,45396,1,7,27.540479495416868,1.0300730064045638,274.6422109994455,5384.362036302758
1699650220,25,,Aggregated,323.100000,0.000000,7,11,69,80,90,95,100,150,190,190,270,45726,1,7,27.543105503255926,1.0300730064045638,274.6422109994455,5387.077177098368
1699650221,25,,Aggregated,328.500000,0.000000,7,11,69,80,90,95,100,150,190,190,270,46024,1,7,27.577575564964306,1.0300730064045638,274.6422109994455,5387.547888058404
1699650222,25,,Aggregated,329.800000,0.000000,7,11,69,80,90,95,100,160,190,190,270,46336,1,7,27.633371048492084,1.0300730064045638,274.6422109994455,5385.185902969613
1699650223,25,,Aggregated,328.300000,0.000000,7,11,69,80,90,95,100,160,190,190,270,46668,1,7,27.63026498013416,1.0300730064045638,274.6422109994455,5384.778349190023
1699650224,25,,Aggregated,328.800000,0.000000,7,11,70,81,90,95,100,160,190,190,270,46965,1,7,27.6717916483535,1.0300730064045638,274.6422109994455,5382.909485787289
1699650225,25,,Aggregated,329.500000,0.000000,7,11,70,81,90,95,100,160,190,190,270,47279,1,7,27.757473459441247,1.0300730064045638,274.6422109994455,5384.292688085619
1699650226,25,,Aggregated,323.800000,0.000000,7,11,70,81,90,95,100,150,190,190,270,47614,1,7,27.687723682340874,1.0300730064045638,274.6422109994455,5381.924433990003
1699650227,25,,Aggregated,321.600000,0.000000,7,11,70,81,90,95,100,160,190,190,270,47945,1,7,27.739422281592045,1.0300730064045638,274.6422109994455,5381.977495046407
1699650228,25,,Aggregated,321.700000,0.000000,7,11,70,81,90,95,100,160,190,190,270,48263,1,7,27.729897412362586,1.0300730064045638,274.6422109994455,5381.519632016244
1699650229,25,,Aggregated,321.100000,0.000000,7,11,70,81,90,95,100,160,190,190,270,48568,1,7,27.807725111551512,1.0300730064045638,274.6422109994455,5381.471133256465
1699650230,25,,Aggregated,319.300000,0.000000,7,11,70,81,90,95,100,160,190,190,270,48887,1,7,27.82467147294318,1.0300730064045638,274.6422109994455,5378.991756499683
1699650231,25,,Aggregated,315.800000,0.000000,7,11,70,81,90,95,100,160,190,190,270,49197,1,7,27.823357070102745,1.0300730064045638,274.6422109994455,5380.040632558896
1699650232,25,,Aggregated,314.700000,0.000000,7,11,70,81,90,95,100,160,190,190,270,49554,1,7,27.82602557278485,1.0300730064045638,274.6422109994455,5383.499919279978
1699650233,25,,Aggregated,316.500000,0.000000,7,11,70,81,90,95,100,160,190,190,270,49858,1,7,27.815835293770053,1.0300730064045638,274.6422109994455,5382.373019375025
1699650234,25,,Aggregated,320.300000,0.000000,7,11,71,81,90,95,100,160,190,190,270,50203,1,7,27.85228921892727,1.0300730064045638,274.6422109994455,5385.229787064518
1699650235,25,,Aggregated,317.500000,0.000000,7,11,70,81,90,95,100,160,190,190,270,50527,1,7,27.817876089790094,1.0300730064045638,274.6422109994455,5384.086250915352
1699650236,25,,Aggregated,322.000000,0.000000,7,11,71,81,90,95,100,160,190,190,270,50866,1,7,27.864903135725676,1.0300730064045638,274.6422109994455,5384.418177171391
1699650237,25,,Aggregated,322.800000,0.000000,7,11,71,81,90,95,100,160,190,190,270,51163,1,7,27.873447702867395,1.0300730064045638,274.6422109994455,5382.64118601333
1699650238,25,,Aggregated,324.000000,0.000000,7,11,71,81,90,95,100,160,190,190,270,51489,1,7,27.886987270073053,1.0300730064045638,274.6422109994455,5380.763988424712
1699650239,25,,Aggregated,320.400000,0.000000,7,11,71,81,90,95,100,150,190,190,270,51809,1,7,27.897025385471082,1.0300730064045638,274.6422109994455,5383.350093613079
1699650240,25,,Aggregated,321.400000,0.000000,7,11,71,81,90,95,100,160,190,190,270,52110,1,7,27.949552045438452,1.0300730064045638,274.6422109994455,5381.464555747457
1699650241,25,,Aggregated,324.300000,0.000000,7,11,71,81,90,95,100,160,190,190,270,52422,1,7,27.97960346943784,1.0300730064045638,274.6422109994455,5381.7868833695775
