Timestamp,User Count,Type,Name,Requests/s,Failures/s,25%,50%,75%,80%,90%,95%,98%,99%,99.9%,99.99%,100%,Total Request Count,Total Failure Count,Total Median Response Time,Total Average Response Time,Total Min Response Time,Total Max Response Time,Total Average Content Size
1701409367,0,,Aggregated,0.000000,0.000000,N/A,N/A,N/A,N/A,N/A,N/A,N/A,N/A,N/A,N/A,N/A,0,0,0,0.0,0,0,0
1701409368,1,,Aggregated,0.000000,0.000000,14,25,280,280,280,280,280,280,280,280,280,3,0,25,106.0522669989344,14.204052000422962,278.58198100148,6463.333333333333
1701409369,2,,Aggregated,0.000000,0.000000,14,25,84,140,280,280,280,280,280,280,280,13,0,25,73.92633399957468,0.8365310059161857,281.4168900004006,3184.769230769231
1701409370,3,,Aggregated,0.000000,0.000000,4,17,100,140,280,600,1100,1100,1100,1100,1100,23,0,17,122.88596730397093,0.8365310059161857,1089.016197998717,2715.9565217391305
1701409371,4,,Aggregated,6.500000,0.000000,4,24,100,130,280,600,1100,1100,1100,1100,1100,36,0,17,102.10856208282672,0.7453549987985753,1089.016197998717,2363.1388888888887
1701409372,5,,Aggregated,7.666667,0.000000,4,24,100,140,280,410,1100,1100,1100,1100,1100,50,0,17,96.5109365794342,0.7453549987985753,1089.016197998717,2891.88
1701409373,6,,Aggregated,7.666667,0.000000,3,17,100,130,280,410,600,1100,1100,1100,1100,52,0,17,92.85793269177353,0.7453549987985753,1089.016197998717,3477.5384615384614
1701409374,7,,Aggregated,9.600000,0.000000,3,24,110,140,280,1100,1900,2100,2100,2100,2100,65,0,24,169.60480039952716,0.7453549987985753,2090.025675999641,3134.2
1701409375,8,,Aggregated,8.666667,0.000000,3,17,130,140,300,1100,1900,2100,2100,2100,2100,71,0,17,172.36108491498516,0.7453549987985753,2090.025675999641,3395.112676056338
1701409376,9,,Aggregated,8.666667,0.000000,3,25,140,180,600,1700,2100,2700,2700,2700,2700,86,0,24,223.26508598797412,0.7453549987985753,2665.755859998171,3295.6976744186045
1701409377,10,,Aggregated,8.625000,0.000000,3,25,140,280,1100,1900,2700,2800,2800,2800,2800,89,0,25,275.07035386478174,0.7453549987985753,2791.795313998591,3395.7640449438204
1701409378,10,,Aggregated,8.625000,0.000000,3,25,140,280,1100,1900,2700,2800,2800,2800,2800,90,0,24,272.0242685218788,0.7453549987985753,2791.795313998591,3559.3555555555554
1701409379,10,,Aggregated,9.555556,0.000000,3,25,140,280,1200,2500,3100,5000,5000,5000,5000,94,0,25,347.0772559358398,0.7453549987985753,4991.002955997828,3614.6063829787236
1701409380,10,,Aggregated,8.700000,0.000000,3,25,140,280,1200,2500,3100,5000,5000,5000,5000,97,0,25,348.73432236054214,0.7453549987985753,4991.002955997828,3699.8041237113403
1701409381,10,,Aggregated,8.700000,0.000000,4,72,200,390,1900,3100,4500,4900,5000,5000,5000,104,0,36,492.2121166728875,0.7453549987985753,4991.002955997828,3484.9326923076924
1701409382,10,,Aggregated,7.200000,0.000000,3,26,200,390,1900,3200,4500,4900,5000,5000,5000,112,0,25,498.39145395513435,0.7453549987985753,4991.002955997828,3277.223214285714
1701409383,10,,Aggregated,7.200000,0.000000,3,36,280,500,2700,3800,4900,5000,6900,6900,6900,126,0,26,607.4474490632715,0.7453549987985753,6894.540462002624,3112.873015873016
1701409384,10,,Aggregated,6.900000,0.000000,3,25,280,500,2700,3800,4900,5000,6900,6900,6900,129,0,25,593.3463077284572,0.7453549987985753,6894.540462002624,3461.8527131782944
1701409385,10,,Aggregated,6.900000,0.000000,3,25,280,500,2700,3800,4900,5000,6900,6900,6900,129,0,25,593.3463077284572,0.7453549987985753,6894.540462002624,3461.8527131782944
1701409386,10,,Aggregated,6.500000,0.000000,3,26,300,600,2800,4000,4900,5000,6900,6900,6900,135,0,26,619.885496340457,0.7453549987985753,6894.540462002624,3583.3703703703704
1701409387,10,,Aggregated,6.500000,0.000000,3,36,280,500,2800,4000,4900,5000,6900,6900,6900,137,0,36,613.742537700476,0.7453549987985753,6894.540462002624,3534.963503649635
1701409388,10,,Aggregated,6.000000,0.000000,3,75,300,900,3100,4000,5000,5300,6900,6900,6900,145,0,75,679.4404881031369,0.7453549987985753,6894.540462002624,3480.3241379310343
1701409389,10,,Aggregated,4.900000,0.000000,3,78,500,1300,3300,4400,5000,5500,6900,6900,6900,159,0,78,766.7519857606073,0.7453549987985753,6894.540462002624,3332.811320754717
1701409390,10,,Aggregated,4.900000,0.000000,3,81,480,1200,3200,4000,5000,5500,6900,6900,6900,170,0,79,747.1096908585905,0.7453549987985753,6894.540462002624,3155.141176470588
1701409391,10,,Aggregated,5.500000,0.000000,3,79,480,1200,3200,4000,5000,5500,6900,6900,6900,174,0,78,740.1146244365323,0.7453549987985753,6894.540462002624,3396.942528735632
1701409392,10,,Aggregated,5.500000,0.000000,3,79,480,1200,3200,4000,5000,5500,6900,6900,6900,174,0,78,740.1146244365323,0.7453549987985753,6894.540462002624,3396.942528735632
1701409393,10,,Aggregated,7.000000,0.000000,3,79,480,1200,3200,4000,5000,5500,6900,6900,6900,188,0,78,729.0308015050114,0.7453549987985753,6894.540462002624,3469.691489361702
1701409394,10,,Aggregated,7.000000,0.000000,3,81,590,1300,3100,4000,5000,5500,6900,6900,6900,191,0,81,752.7227172248172,0.7453549987985753,6894.540462002624,3418.937172774869
1701409395,10,,Aggregated,6.600000,0.000000,3,82,600,1400,3200,4000,5000,5500,6900,6900,6900,196,0,81,771.8688233312884,0.7453549987985753,6894.540462002624,3432.8571428571427
1701409396,10,,Aggregated,6.200000,0.000000,3,82,900,1800,3100,4000,4900,5300,6900,6900,6900,205,0,82,809.9495092972974,0.7453549987985753,6894.540462002624,3310.360975609756
1701409397,10,,Aggregated,6.200000,0.000000,3,84,900,1700,3100,4000,4900,5300,6900,6900,6900,216,0,82,800.1447305322034,0.7453549987985753,6894.540462002624,3253.3194444444443
1701409398,10,,Aggregated,6.600000,0.000000,3,84,890,1700,3100,4000,4900,5300,6900,6900,6900,221,0,84,791.4525472622379,0.7453549987985753,6894.540462002624,3348.371040723982
1701409399,10,,Aggregated,7.900000,0.000000,3,82,800,1700,3100,4000,4900,5300,6900,6900,6900,229,0,82,777.7326603534588,0.7453549987985753,6894.540462002624,3557.646288209607
1701409400,10,,Aggregated,7.900000,0.000000,3,84,890,1700,3100,4000,4900,5300,6900,6900,6900,233,0,84,788.7484638967583,0.7453549987985753,6894.540462002624,3576.1545064377683
1701409401,10,,Aggregated,6.800000,0.000000,3,85,890,1700,3100,4000,4900,5300,6900,6900,6900,237,0,85,791.9559648943186,0.7453549987985753,6894.540462002624,3528.9662447257383
1701409402,10,,Aggregated,6.800000,0.000000,3,87,990,1800,3100,3900,4900,5300,6900,6900,6900,256,0,86,792.6047022106673,0.7453549987985753,6894.540462002624,3380.0390625
1701409403,10,,Aggregated,6.200000,0.000000,3,87,990,1800,3100,4000,4900,5300,6900,6900,6900,257,0,87,805.0906914199401,0.7453549987985753,6894.540462002624,3368.1984435797667
1701409404,10,,Aggregated,6.200000,0.000000,3,87,990,1800,3100,4000,4900,5300,6900,6900,6900,263,0,87,805.367073699349,0.7453549987985753,6894.540462002624,3304.9657794676805
1701409405,10,,Aggregated,7.100000,0.000000,3,86,900,1800,3100,4000,4900,5300,6900,6900,6900,270,0,85,796.1298822145586,0.7453549987985753,6894.540462002624,3363.2925925925924
1701409406,10,,Aggregated,7.100000,0.000000,3,87,900,1800,3100,4000,4900,5300,6900,6900,6900,278,0,86,802.2978432875285,0.7453549987985753,6894.540462002624,3475.478417266187
1701409407,10,,Aggregated,6.900000,0.000000,3,88,900,1800,3100,3900,4900,5300,6900,6900,6900,285,0,88,797.0717978699485,0.7453549987985753,6894.540462002624,3467.9719298245614
1701409408,10,,Aggregated,6.900000,0.000000,3,88,900,1800,3100,3900,4900,5300,6900,6900,6900,285,0,88,797.0717978699485,0.7453549987985753,6894.540462002624,3467.9719298245614
1701409409,10,,Aggregated,6.600000,0.000000,3,88,990,1800,3100,4000,4900,5400,6900,6900,6900,291,0,88,821.868805604539,0.7453549987985753,6894.540462002624,3467.237113402062
1701409410,10,,Aggregated,6.500000,0.000000,3,88,990,1900,3200,4000,5000,5400,6900,6900,6900,294,0,88,845.7102373466943,0.7453549987985753,6894.540462002624,3494.7891156462583
1701409411,10,,Aggregated,6.500000,0.000000,3,88,1100,1900,3200,4000,4900,5300,6900,6900,6900,316,0,88,847.8717287276664,0.7453549987985753,6894.540462002624,3351.8069620253164
1701409412,10,,Aggregated,6.300000,0.000000,3,88,990,1900,3200,4000,4900,5300,6900,6900,6900,322,0,88,842.6970682016844,0.7453549987985753,6894.540462002624,3300.4658385093167
1701409413,10,,Aggregated,6.300000,0.000000,3,88,990,1900,3200,4000,4900,5300,6900,6900,6900,322,0,88,842.6970682016844,0.7453549987985753,6894.540462002624,3300.4658385093167
1701409414,10,,Aggregated,8.000000,0.000000,3,88,1100,2000,3200,4000,4900,5300,6900,6900,6900,328,0,88,845.9312944114129,0.7453549987985753,6894.540462002624,3412.454268292683
1701409415,10,,Aggregated,6.600000,0.000000,3,88,990,2000,3200,4000,4900,5300,6900,6900,6900,334,0,88,847.2399245686842,0.7453549987985753,6894.540462002624,3465.4610778443116
1701409416,10,,Aggregated,6.600000,0.000000,3,88,990,1900,3200,4000,4900,5300,6900,6900,6900,345,0,88,838.4055434577917,0.7453549987985753,6894.540462002624,3432.710144927536
1701409417,10,,Aggregated,6.600000,0.000000,3,94,1000,2000,3200,4000,4900,5300,6900,6900,6900,353,0,94,850.7527617533841,0.7453549987985753,6894.540462002624,3370.8073654390937
1701409418,10,,Aggregated,6.700000,0.000000,3,95,1100,2100,3200,4000,4900,5300,6900,6900,6900,356,0,94,861.437230449278,0.7453549987985753,6894.540462002624,3395.191011235955
1701409419,10,,Aggregated,6.700000,0.000000,3,97,1200,2000,3200,4000,4900,5300,6900,6900,6900,367,0,97,863.9308537927689,0.7453549987985753,6894.540462002624,3314.2779291553134
1701409420,10,,Aggregated,7.000000,0.000000,3,95,1200,1900,3200,4000,4900,5300,6900,6900,6900,376,0,94,856.5968608961176,0.7453549987985753,6894.540462002624,3343.406914893617
1701409421,10,,Aggregated,7.900000,0.000000,3,95,1100,1900,3200,4000,4900,5300,6900,6900,6900,378,0,94,854.5232678437459,0.7453549987985753,6894.540462002624,3374.542328042328
1701409422,10,,Aggregated,8.400000,0.000000,3,94,1100,1900,3200,4000,4900,5300,6900,6900,6900,388,0,92,848.9934801261192,0.7453549987985753,6894.540462002624,3350.6005154639174
1701409423,10,,Aggregated,6.100000,0.000000,3,92,1100,1900,3200,4000,4900,5300,6900,6900,6900,399,0,92,843.1070240073944,0.7453549987985753,6894.540462002624,3320.6641604010024
1701409424,10,,Aggregated,6.400000,0.000000,3,95,1000,1900,3200,3900,4500,5100,6900,6900,6900,408,0,94,829.6573445072236,0.7453549987985753,6894.540462002624,3394.198529411765
1701409425,10,,Aggregated,6.400000,0.000000,3,95,1000,1900,3200,3900,4500,5100,6900,6900,6900,409,0,95,834.4584812834921,0.7453549987985753,6894.540462002624,3386.723716381418
1701409426,10,,Aggregated,7.200000,0.000000,3,95,1000,1900,3200,4000,4500,5100,6900,6900,6900,413,0,95,837.0066941305997,0.7453549987985753,6894.540462002624,3404.4842615012108
1701409427,10,,Aggregated,7.800000,0.000000,3,99,1200,2000,3200,4000,4700,5100,6900,6900,6900,422,0,97,869.404147905021,0.7453549987985753,6894.540462002624,3384.7559241706163
1701409428,10,,Aggregated,6.800000,0.000000,3,97,1100,1900,3200,4000,4700,5100,6900,6900,6900,432,0,96,852.5530991086001,0.7453549987985753,6894.540462002624,3410.261574074074
1701409429,10,,Aggregated,6.600000,0.000000,3,99,1100,1900,3200,4000,4700,5100,6900,6900,6900,437,0,99,857.6595386908901,0.7453549987985753,6894.540462002624,3379.0640732265447
1701409430,10,,Aggregated,7.600000,0.000000,3,97,1000,1900,3200,3900,4700,5100,6900,6900,6900,445,0,97,843.85708566947,0.7453549987985753,6894.540462002624,3447.752808988764
1701409431,10,,Aggregated,7.600000,0.000000,3,97,1100,1900,3200,3900,4700,5100,6900,6900,6900,449,0,97,847.628261674607,0.7453549987985753,6894.540462002624,3499.2472160356347
1701409432,10,,Aggregated,6.800000,0.000000,3,97,1100,1900,3200,3900,4700,5100,6900,6900,6900,450,0,96,845.746680806446,0.7453549987985753,6894.540462002624,3531.7355555555555
1701409433,10,,Aggregated,6.800000,0.000000,3,97,1100,1900,3200,4000,4700,5300,6900,6900,6900,451,0,97,856.4909138113095,0.7453549987985753,6894.540462002624,3524.0066518847007
1701409434,10,,Aggregated,7.200000,0.000000,3,97,1100,2000,3200,4000,4700,5300,6900,6900,6900,454,0,97,862.3919898345615,0.7453549987985753,6894.540462002624,3507.240088105727
1701409435,10,,Aggregated,6.300000,0.000000,3,97,1100,2000,3200,4000,4700,5300,6900,6900,6900,455,0,97,869.3020124305334,0.7453549987985753,6894.540462002624,3500.2725274725276
1701409436,10,,Aggregated,4.800000,0.000000,3,98,1200,2100,3300,4100,5200,5500,6900,6900,6900,481,0,98,908.8929773594474,0.7453549987985753,6894.540462002624,3385.120582120582
1701409437,10,,Aggregated,4.600000,0.000000,3,98,1200,2100,3300,4100,5200,5500,6900,6900,6900,483,0,98,907.0155785194471,0.7453549987985753,6894.540462002624,3408.6997929606623
1701409438,10,,Aggregated,4.600000,0.000000,3,99,1200,2000,3300,4100,5200,5500,6900,6900,6900,486,0,98,902.2130814339234,0.7453549987985753,6894.540462002624,3429.604938271605
1701409439,10,,Aggregated,6.300000,0.000000,3,99,1200,2100,3300,4100,5200,5500,6900,6900,6900,488,0,98,905.0380091288777,0.7453549987985753,6894.540462002624,3453.3688524590166
1701409440,10,,Aggregated,5.600000,0.000000,3,98,1200,2100,3300,4100,5200,5500,6900,6900,6900,492,0,97,903.7572884916425,0.7453549987985753,6894.540462002624,3536.459349593496
1701409441,10,,Aggregated,5.600000,0.000000,3,98,1200,2100,3400,4300,5200,5500,6900,6900,6900,496,0,97,916.4150524735569,0.7453549987985753,6894.540462002624,3519.7318548387098
1701409442,10,,Aggregated,4.500000,0.000000,3,100,1200,2100,3400,4300,5200,5500,6900,6900,6900,507,0,100.0,921.9372882641062,0.7453549987985753,6894.540462002624,3467.3333333333335
1701409443,10,,Aggregated,4.500000,0.000000,3,100,1200,2200,3400,4300,5200,5500,6900,6900,6900,517,0,100.0,925.541810533664,0.7453549987985753,6894.540462002624,3415.145067698259
1701409444,10,,Aggregated,5.300000,0.000000,3,100,1200,2200,3400,4300,5200,5500,6900,6900,6900,528,0,100.0,929.07670476118,0.7453549987985753,6894.540462002624,3389.905303030303
1701409445,10,,Aggregated,6.600000,0.000000,3,100,1200,2200,3400,4300,5200,5500,6900,6900,6900,531,0,100.0,923.8330865083005,0.7453549987985753,6894.540462002624,3473.120527306968
1701409446,10,,Aggregated,6.600000,0.000000,3,100,1200,2200,3400,4300,5200,5500,6900,6900,6900,536,0,100.0,925.1974928356232,0.7453549987985753,6894.540462002624,3480.944029850746
1701409447,10,,Aggregated,7.400000,0.000000,3,100,1200,2200,3400,4300,5200,5500,6900,6900,6900,539,0,100.0,926.3049869070582,0.7453549987985753,6894.540462002624,3528.886827458256
1701409448,10,,Aggregated,7.400000,0.000000,3,100,1300,2300,3400,4100,5200,5500,6900,6900,6900,546,0,100.0,929.6312506024054,0.7453549987985753,6894.540462002624,3528.5311355311355
1701409449,10,,Aggregated,5.600000,0.000000,3,100,1500,2300,3400,4100,5100,5500,6900,6900,6900,565,0,100.0,927.4832509485109,0.7453549987985753,6894.540462002624,3462.145132743363
1701409450,10,,Aggregated,5.600000,0.000000,3,100,1500,2200,3400,4100,5100,5500,6900,6900,6900,569,0,100.0,925.0917291492073,0.7453549987985753,6894.540462002624,3442.0228471001756
1701409451,10,,Aggregated,7.100000,0.000000,3,100,1400,2200,3300,4100,5100,5500,6900,6900,6900,577,0,100.0,919.9390007329152,0.7453549987985753,6894.540462002624,3433.523396880416
1701409452,10,,Aggregated,8.000000,0.000000,3,100,1400,2200,3300,4100,5100,5500,6900,6900,6900,578,0,100.0,918.349031972139,0.7453549987985753,6894.540462002624,3458.9307958477507
1701409453,10,,Aggregated,8.000000,0.000000,3,100,1400,2200,3300,4000,5100,5500,6900,6900,6900,587,0,100.0,916.4925658907745,0.7453549987985753,6894.540462002624,3541.64395229983
1701409454,10,,Aggregated,7.500000,0.000000,3,100,1300,2200,3300,4100,5100,5500,6900,6900,6900,593,0,100.0,918.0198919424747,0.7453549987985753,6894.540462002624,3548.5193929173693
1701409455,10,,Aggregated,7.000000,0.000000,3,100,1300,2200,3300,4100,5100,5500,6900,6900,6900,597,0,100.0,919.4361702862361,0.7453549987985753,6894.540462002624,3530.6582914572864
1701409456,10,,Aggregated,7.000000,0.000000,3,100,1400,2200,3400,4100,5000,5500,6900,6900,6900,606,0,100.0,926.7111259123519,0.7453549987985753,6894.540462002624,3495.5115511551153
1701409457,10,,Aggregated,6.700000,0.000000,3,100,1500,2300,3400,4100,5000,5500,6900,6900,6900,618,0,100.0,938.1612218606496,0.7453549987985753,6894.540462002624,3468.3721682847895
1701409458,10,,Aggregated,7.000000,0.000000,3,100,1500,2200,3400,4100,5000,5500,6900,6900,6900,626,0,100.0,934.7675785445523,0.7453549987985753,6894.540462002624,3459.247603833866
1701409459,10,,Aggregated,7.700000,0.000000,3,100,1400,2200,3400,4100,5000,5500,6900,6900,6900,631,0,100.0,927.8492284213863,0.7453549987985753,6894.540462002624,3464.2091917591124
1701409460,10,,Aggregated,7.900000,0.000000,3,100,1400,2200,3400,4100,5000,5500,6900,6900,6900,633,0,100.0,928.7845357928909,0.7453549987985753,6894.540462002624,3482.4202211690363
1701409461,10,,Aggregated,7.900000,0.000000,3,100,1400,2200,3400,4100,5000,5500,6900,6900,6900,635,0,100.0,925.862105514803,0.7453549987985753,6894.540462002624,3528.51968503937
1701409462,10,,Aggregated,6.200000,0.000000,3,100,1400,2300,3400,4100,5000,5500,6900,6900,6900,645,0,100.0,931.1733363114579,0.7453549987985753,6894.540462002624,3546.572093023256
1701409463,10,,Aggregated,5.900000,0.000000,3,100,1400,2200,3400,4100,5000,5500,6900,6900,6900,652,0,100.0,927.3193964001582,0.7453549987985753,6894.540462002624,3516.9018404907974
1701409464,10,,Aggregated,6.500000,0.000000,3,100,1500,2300,3400,4200,5000,5500,6900,6900,6900,656,0,100.0,940.1366464099044,0.7453549987985753,6894.540462002624,3502.5975609756097
1701409465,10,,Aggregated,5.900000,0.000000,3,100,1500,2300,3400,4200,5000,5500,6900,6900,6900,669,0,100.0,942.5915569475367,0.7453549987985753,6894.540462002624,3479.5336322869957
1701409466,10,,Aggregated,5.900000,0.000000,3,100,1500,2300,3400,4200,5000,5500,6900,6900,6900,674,0,100.0,945.073741459789,0.7453549987985753,6894.540462002624,3459.76409495549
1701409467,10,,Aggregated,6.800000,0.000000,3,100,1500,2300,3400,4100,5000,5500,6900,6900,6900,684,0,100.0,940.2016121109829,0.7453549987985753,6894.540462002624,3497.7426900584796
1701409468,10,,Aggregated,6.800000,0.000000,3,100,1400,2300,3400,4100,5000,5500,6900,6900,6900,690,0,100.0,932.9016326549142,0.7453549987985753,6894.540462002624,3530.2144927536233
1701409469,10,,Aggregated,6.800000,0.000000,3,100,1400,2200,3400,4100,5000,5500,6900,6900,6900,692,0,100.0,931.5178063596649,0.7453549987985753,6894.540462002624,3546.2543352601156
1701409470,10,,Aggregated,6.500000,0.000000,3,100,1400,2300,3400,4100,5000,5500,6900,6900,6900,694,0,100.0,933.9885478759284,0.7453549987985753,6894.540462002624,3562.628242074928
1701409471,10,,Aggregated,6.200000,0.000000,3,100,1500,2300,3400,4200,5000,5500,6900,6900,6900,697,0,100.0,941.5557207014181,0.7453549987985753,6894.540462002624,3574.2568149210906
1701409472,10,,Aggregated,6.100000,0.000000,3,100,1500,2300,3400,4200,5000,5500,6900,6900,6900,701,0,100.0,951.1273503522013,0.7453549987985753,6894.540462002624,3560.005706134094
1701409473,10,,Aggregated,6.100000,0.000000,3,100,1500,2300,3500,4300,5200,5500,6900,6900,6900,709,0,100.0,965.6597344949395,0.7453549987985753,6894.540462002624,3526.677009873061
1701409474,10,,Aggregated,5.600000,0.000000,3,100,1500,2300,3500,4300,5200,5500,7000,7000,7000,726,0,100.0,969.2186763208323,0.7453549987985753,6986.811546004901,3465.1019283746555
1701409475,10,,Aggregated,5.600000,0.000000,3,100,1500,2300,3500,4300,5200,5500,7000,7000,7000,730,0,100.0,964.203070057446,0.7453549987985753,6986.811546004901,3475.876712328767
1701409476,10,,Aggregated,6.400000,0.000000,3,100,1500,2300,3500,4300,5200,5500,7000,7000,7000,733,0,100.0,964.4644489767106,0.7453549987985753,6986.811546004901,3511.1514324693044
1701409477,10,,Aggregated,6.600000,0.000000,3,100,1500,2300,3500,4300,5200,5500,7000,7000,7000,739,0,100.0,961.6869940093604,0.7453549987985753,6986.811546004901,3562.6779431664413
1701409478,10,,Aggregated,6.600000,0.000000,3,100,1500,2300,3500,4200,5200,5500,7000,7000,7000,743,0,100.0,961.870219263688,0.7453549987985753,6986.811546004901,3555.4791386271872
1701409479,10,,Aggregated,5.500000,0.000000,3,100,1500,2300,3500,4300,5200,5500,7000,7000,7000,751,0,100.0,964.7147095485082,0.7453549987985753,6986.811546004901,3577.6058588548603
1701409480,10,,Aggregated,5.500000,0.000000,3,100,1500,2300,3500,4300,5200,5500,7000,7000,7000,754,0,100.0,961.4044928513744,0.7453549987985753,6986.811546004901,3568.757294429708
1701409481,10,,Aggregated,5.600000,0.000000,3,100,1500,2400,3500,4300,5200,5500,7000,7000,7000,759,0,100.0,974.6359912449867,0.7453549987985753,6986.811546004901,3551.852437417655
1701409482,10,,Aggregated,6.200000,0.000000,3,100,1600,2400,3500,4400,5200,5500,7000,7000,7000,764,0,100.0,990.9058360837029,0.7453549987985753,6986.811546004901,3554.869109947644
1701409483,10,,Aggregated,6.200000,0.000000,3,100,1500,2400,3500,4400,5200,5500,7000,7000,7000,780,0,100.0,981.0718707473611,0.7453549987985753,6986.811546004901,3495.6153846153848
1701409484,10,,Aggregated,6.200000,0.000000,3,100,1500,2300,3500,4300,5200,5500,7000,7000,7000,786,0,100.0,976.2355149821154,0.7453549987985753,6986.811546004901,3495.3486005089057
1701409485,10,,Aggregated,6.200000,0.000000,3,100,1500,2300,3500,4300,5200,5500,7000,7000,7000,788,0,100.0,973.7603683032306,0.7453549987985753,6986.811546004901,3532.464467005076
1701409486,10,,Aggregated,6.300000,0.000000,3,100,1500,2300,3500,4300,5200,5500,7000,7000,7000,792,0,100.0,973.625635789075,0.7453549987985753,6986.811546004901,3566.537878787879
1701409487,10,,Aggregated,6.300000,0.000000,3,100,1500,2300,3500,4300,5200,5500,7000,7000,7000,797,0,100.0,973.4099054215241,0.7453549987985753,6986.811546004901,3572.0627352572146
1701409488,10,,Aggregated,5.800000,0.000000,3,100,1500,2400,3500,4300,5200,5500,7000,7000,7000,805,0,100.0,977.2251665726233,0.7453549987985753,6986.811546004901,3552.3900621118014
1701409489,10,,Aggregated,5.800000,0.000000,3,100,1500,2400,3500,4300,5200,5500,7000,7000,7000,805,0,100.0,977.2251665726233,0.7453549987985753,6986.811546004901,3552.3900621118014
1701409490,10,,Aggregated,5.900000,0.000000,3,100,1500,2400,3600,4400,5200,5500,7000,7000,7000,821,0,100.0,996.0107122155748,0.7453549987985753,6986.811546004901,3520.051157125457
1701409491,10,,Aggregated,5.700000,0.000000,3,100,1500,2400,3600,4400,5200,5500,7000,7000,7000,829,0,100.0,988.2927463703069,0.7453549987985753,6986.811546004901,3541.692400482509
1701409492,10,,Aggregated,5.800000,0.000000,3,100,1500,2300,3500,4400,5200,5500,7000,7000,7000,842,0,100.0,980.920109371701,0.7453549987985753,6986.811546004901,3499.484560570071
1701409493,10,,Aggregated,6.700000,0.000000,3,100,1500,2300,3500,4400,5200,5500,7000,7000,7000,851,0,100.0,971.7321068236874,0.7453549987985753,6986.811546004901,3560.2068155111633
1701409494,10,,Aggregated,7.000000,0.000000,3,100,1400,2300,3500,4400,5200,5500,7000,7000,7000,853,0,100.0,969.6880194770869,0.7453549987985753,6986.811546004901,3573.1488862837045
1701409495,10,,Aggregated,6.800000,0.000000,3,100,1500,2300,3500,4400,5200,5500,7000,7000,7000,855,0,100.0,970.6243545695438,0.7453549987985753,6986.811546004901,3586.3766081871345
1701409496,10,,Aggregated,6.800000,0.000000,3,100,1500,2300,3500,4400,5200,5500,7000,7000,7000,858,0,100.0,974.0657775593988,0.7453549987985753,6986.811546004901,3595.7400932400933
1701409497,10,,Aggregated,6.500000,0.000000,3,100,1500,2300,3500,4400,5200,5500,7000,7000,7000,861,0,100.0,981.0742966062276,0.7453549987985753,6986.811546004901,3604.7003484320558
1701409498,10,,Aggregated,6.500000,0.000000,3,100,1500,2300,3500,4400,5200,5500,7000,7000,7000,863,0,100.0,979.2689510509343,0.7453549987985753,6986.811546004901,3602.507531865585
1701409499,10,,Aggregated,6.200000,0.000000,3,110,1500,2400,3500,4400,5200,5700,7000,7000,7000,886,0,100.0,990.14690344239,0.7453549987985753,6986.811546004901,3528.0011286681715
1701409500,10,,Aggregated,6.100000,0.000000,3,110,1500,2400,3500,4400,5200,5700,7000,7000,7000,887,0,110.0,990.0381923832654,0.7453549987985753,6986.811546004901,3525.076662908681
1701409501,10,,Aggregated,7.600000,0.000000,3,100,1500,2400,3500,4400,5200,5700,7000,7000,7000,892,0,100.0,987.0697464080262,0.7453549987985753,6986.811546004901,3571.230941704036
1701409502,10,,Aggregated,7.400000,0.000000,3,100,1500,2400,3500,4400,5200,5700,7000,7000,7000,898,0,100.0,985.4393061714461,0.7453549987985753,6986.811546004901,3598.109131403118
1701409503,10,,Aggregated,6.600000,0.000000,3,110,1500,2400,3500,4400,5200,5500,7000,7000,7000,904,0,100.0,979.5629769181095,0.7453549987985753,6986.811546004901,3624.6238938053098
1701409504,10,,Aggregated,6.400000,0.000000,3,110,1500,2400,3500,4400,5200,5500,7000,7000,7000,913,0,110.0,981.8650393329335,0.7453549987985753,6986.811546004901,3606.329682365827
1701409505,10,,Aggregated,5.500000,0.000000,3,110,1500,2400,3500,4400,5200,5500,7000,7000,7000,918,0,110.0,982.0092655707697,0.7453549987985753,6986.811546004901,3612.6132897603484
1701409506,10,,Aggregated,5.500000,0.000000,3,110,1500,2400,3600,4400,5200,5500,7000,7000,7000,921,0,110.0,992.420079372391,0.7453549987985753,6986.811546004901,3601.943539630836
1701409507,10,,Aggregated,5.800000,0.000000,3,110,1500,2400,3600,4400,5200,5500,7000,7000,7000,941,0,110.0,989.0811639999762,0.7453549987985753,6986.811546004901,3538.7832093517536
1701409508,10,,Aggregated,6.300000,0.000000,3,110,1500,2400,3600,4400,5200,5500,7000,7000,7000,943,0,110.0,986.985466659575,0.7453549987985753,6986.811546004901,3569.7062566277837
1701409509,10,,Aggregated,6.300000,0.000000,3,110,1500,2400,3600,4400,5200,5500,7000,7000,7000,944,0,110.0,985.9410712224408,0.7453549987985753,6986.811546004901,3585.1186440677966
1701409510,10,,Aggregated,7.900000,0.000000,3,110,1500,2400,3600,4400,5200,5500,7000,7000,7000,948,0,110.0,985.4732634556715,0.7453549987985753,6986.811546004901,3594.6635021097045
1701409511,10,,Aggregated,6.300000,0.000000,3,110,1500,2400,3600,4400,5200,5500,7000,7000,7000,958,0,110.0,992.3499987348652,0.7453549987985753,6986.811546004901,3607.15866388309
1701409512,10,,Aggregated,6.000000,0.000000,3,110,1500,2400,3500,4300,5200,5500,7000,7000,7000,972,0,110.0,985.7049113456783,0.7453549987985753,6986.811546004901,3588.8158436213994
1701409513,10,,Aggregated,6.000000,0.000000,3,110,1500,2400,3500,4300,5200,5500,7000,7000,7000,978,0,110.0,982.038633864012,0.7453549987985753,6986.811546004901,3606.3047034764827
1701409514,10,,Aggregated,6.700000,0.000000,3,110,1500,2400,3500,4300,5200,5500,7000,7000,7000,982,0,110.0,985.3914615132387,0.7453549987985753,6986.811546004901,3611.70366598778
1701409515,10,,Aggregated,6.700000,0.000000,3,110,1500,2400,3500,4300,5200,5500,7000,7000,7000,983,0,110.0,984.3899963184166,0.7453549987985753,6986.811546004901,3626.4618514750764
1701409516,10,,Aggregated,7.100000,0.000000,3,110,1500,2400,3500,4300,5200,5500,7000,7000,7000,984,0,110.0,986.6360221880067,0.7453549987985753,6986.811546004901,3623.118902439024
1701409517,10,,Aggregated,6.800000,0.000000,3,110,1600,2400,3600,4300,5200,5500,7000,7000,7000,990,0,110.0,996.496060457586,0.7453549987985753,6986.811546004901,3640.0383838383837
1701409518,10,,Aggregated,6.800000,0.000000,3,110,1600,2400,3600,4400,5200,5500,6900,7000,7000,1002,0,110.0,996.709478815383,0.7453549987985753,6986.811546004901,3612.37125748503
1701409519,10,,Aggregated,4.400000,0.000000,3,110,1600,2400,3500,4400,5200,5500,6900,7000,7000,1020,0,110.0,991.7941545205738,0.7453549987985753,6986.811546004901,3574.557843137255
1701409520,10,,Aggregated,6.000000,0.000000,3,110,1500,2400,3500,4300,5200,5500,6900,7000,7000,1023,0,110.0,990.2420429315648,0.7453549987985753,6986.811546004901,3583.6129032258063
1701409521,10,,Aggregated,6.000000,0.000000,3,110,1500,2400,3500,4300,5200,5500,6900,7000,7000,1025,0,110.0,988.311622606812,0.7453549987985753,6986.811546004901,3611.9746341463415
1701409522,10,,Aggregated,7.600000,0.000000,3,110,1500,2400,3500,4400,5200,5500,6900,7000,7000,1027,0,110.0,990.8609595170216,0.7453549987985753,6986.811546004901,3622.628042843233
1701409523,10,,Aggregated,6.900000,0.000000,3,110,1500,2400,3500,4400,5200,5500,6900,7000,7000,1034,0,110.0,992.6945044371207,0.7453549987985753,6986.811546004901,3644.5870406189556
1701409524,10,,Aggregated,6.500000,0.000000,3,110,1600,2400,3500,4400,5200,5500,6900,7000,7000,1045,0,110.0,996.7010458564522,0.7453549987985753,6986.811546004901,3640.7186602870815
1701409525,10,,Aggregated,5.400000,0.000000,3,110,1600,2400,3600,4400,5200,5500,6900,7000,7000,1048,0,110.0,997.4480125477004,0.7453549987985753,6986.811546004901,3647.946564885496
1701409526,10,,Aggregated,5.900000,0.000000,3,110,1600,2400,3500,4400,5200,5500,6900,7000,7000,1063,0,110.0,993.4291355145601,0.7453549987985753,6986.811546004901,3605.2784571966135
1701409527,10,,Aggregated,6.300000,0.000000,3,110,1500,2300,3500,4400,5200,5500,6900,7000,7000,1069,0,110.0,989.709528611761,0.7453549987985753,6986.811546004901,3604.466791393826
1701409528,10,,Aggregated,7.900000,0.000000,3,110,1500,2300,3500,4400,5200,5500,6900,7000,7000,1074,0,110.0,985.1066083612412,0.7453549987985753,6986.811546004901,3672.0391061452515
1701409529,10,,Aggregated,8.000000,0.000000,3,110,1500,2300,3500,4400,5200,5500,6900,7000,7000,1077,0,110.0,987.4145277901365,0.7453549987985753,6986.811546004901,3678.9897864438253
1701409530,10,,Aggregated,7.000000,0.000000,3,110,1500,2300,3500,4400,5200,5500,6900,7000,7000,1083,0,110.0,987.3531385743197,0.7453549987985753,6986.811546004901,3674.9409048938137
1701409531,10,,Aggregated,5.900000,0.000000,3,110,1500,2300,3500,4400,5200,5500,6900,7000,7000,1089,0,110.0,983.1924660973265,0.7453549987985753,6986.811546004901,3671.2947658402204
1701409532,10,,Aggregated,5.700000,0.000000,3,110,1500,2300,3500,4400,5200,5500,6900,7000,7000,1091,0,110.0,986.4247285444455,0.7453549987985753,6986.811546004901,3664.9110907424383
1701409533,10,,Aggregated,6.300000,0.000000,3,110,1600,2400,3600,4400,5200,5500,6900,7000,7000,1112,0,110.0,1000.1802592473025,0.7453549987985753,6986.811546004901,3611.5575539568345
1701409534,10,,Aggregated,6.300000,0.000000,3,110,1500,2400,3600,4400,5200,5500,6900,7000,7000,1113,0,110.0,999.2824801150049,0.7453549987985753,6986.811546004901,3624.59209344115
1701409535,10,,Aggregated,6.500000,0.000000,3,110,1500,2300,3600,4400,5200,5500,6900,7000,7000,1117,0,110.0,996.5251290949054,0.7453549987985753,6986.811546004901,3660.5774395702774
1701409536,10,,Aggregated,7.300000,0.000000,3,110,1500,2300,3600,4400,5200,5500,6900,7000,7000,1128,0,110.0,993.392581811194,0.7453549987985753,6986.811546004901,3669.580673758865
1701409537,10,,Aggregated,6.900000,0.000000,3,110,1500,2300,3600,4400,5200,5500,6900,7000,7000,1132,0,110.0,990.7714549885329,0.7453549987985753,6986.811546004901,3693.7084805653712
