Timestamp,User Count,Type,Name,Requests/s,Failures/s,50%,66%,75%,80%,90%,95%,98%,99%,99.9%,99.99%,100%,Total Request Count,Total Failure Count,Total Median Response Time,Total Average Response Time,Total Min Response Time,Total Max Response Time,Total Average Content Size
1713998503,0,,Aggregated,0.000000,0.000000,N/A,N/A,N/A,N/A,N/A,N/A,N/A,N/A,N/A,N/A,N/A,0,0,0,0.0,0,0,0
1713998504,10,,Aggregated,0.000000,0.000000,100,190,190,200,200,200,210,210,210,210,210,73,0,100.0,127.54792769844978,8.901668999897083,206.738659999246,10589.630136986301
1713998505,20,,Aggregated,0.000000,0.000000,190,200,290,290,310,400,400,400,400,400,400,155,0,190.0,189.9350756450252,8.901668999897083,399.2628659980255,10743.741935483871
1713998506,30,,Aggregated,46.000000,0.000000,200,290,310,390,420,490,510,590,610,610,610,228,0,200.0,238.35287465781698,8.901668999897083,605.6149469986849,10808.078947368422
1713998507,40,,Aggregated,57.500000,0.000000,290,310,390,400,500,590,610,690,790,790,790,316,0,290.0,280.0399481802627,8.901668999897083,786.5322349971393,10710.29746835443
1713998508,50,,Aggregated,65.666667,0.000000,300,400,480,500,610,700,810,880,1000,1000,1000,392,0,300.0,336.8999996223558,8.901668999897083,998.0511129979277,10976.349489795919
1713998509,51,,Aggregated,70.750000,0.000000,310,410,500,580,700,810,900,990,1000,1000,1000,468,0,310.0,374.5233448011526,8.901668999897083,1002.7180569995835,10793.75641025641
1713998510,51,,Aggregated,71.400000,0.000000,390,490,590,680,790,890,1000,1000,1100,1100,1100,564,0,390.0,413.59948634031264,8.901668999897083,1119.4218339987856,10834.265957446809
1713998511,51,,Aggregated,73.833333,0.000000,390,490,590,680,790,890,1000,1000,1100,1100,1100,649,0,390.0,425.69823602304433,8.901668999897083,1119.4218339987856,10948.294298921417
1713998512,51,,Aggregated,75.142857,0.000000,400,500,600,690,800,900,1000,1000,1100,1100,1100,738,0,400.0,441.2051917614372,8.901668999897083,1119.4218339987856,10978.432249322494
1713998513,51,,Aggregated,77.750000,0.000000,400,500,610,700,800,890,990,1000,1100,1100,1100,830,0,400.0,451.4935437023544,8.901668999897083,1119.4218339987856,11020.007228915663
1713998514,51,,Aggregated,79.444444,0.000000,400,510,690,700,800,900,990,1000,1100,1100,1100,919,0,400.0,463.03715717187976,8.901668999897083,1119.4218339987856,11107.545157780196
1713998515,51,,Aggregated,79.100000,0.000000,400,510,690,700,800,890,990,1000,1000,1100,1100,1010,0,400.0,463.38558787024573,8.901668999897083,1119.4218339987856,11084.549504950495
1713998516,51,,Aggregated,83.500000,0.000000,400,510,690,700,800,890,990,1000,1000,1100,1100,1097,0,400.0,467.1404323426885,8.901668999897083,1119.4218339987856,11111.349134001823
1713998517,51,,Aggregated,85.800000,0.000000,410,580,690,700,800,890,980,1000,1000,1100,1100,1186,0,410.0,473.38754293585845,8.901668999897083,1119.4218339987856,11128.274873524451
1713998518,51,,Aggregated,86.700000,0.000000,410,590,690,700,800,890,910,1000,1000,1100,1100,1265,0,410.0,477.45502032484,8.901668999897083,1119.4218339987856,11114.157312252964
1713998519,51,,Aggregated,85.800000,0.000000,410,590,690,700,800,890,910,1000,1000,1100,1100,1359,0,410.0,478.24354521775183,8.901668999897083,1119.4218339987856,11054.540103016925
1713998520,51,,Aggregated,87.400000,0.000000,410,590,690,700,800,880,910,1000,1000,1100,1100,1436,0,410.0,479.00903969841534,8.901668999897083,1119.4218339987856,11092.507660167132
1713998521,51,,Aggregated,87.700000,0.000000,420,590,690,700,800,880,910,1000,1000,1100,1100,1523,0,420.0,483.7426669868259,8.901668999897083,1119.4218339987856,11102.530531845043
1713998522,51,,Aggregated,87.700000,0.000000,420,590,690,700,800,880,910,1000,1000,1100,1100,1619,0,420.0,485.1097933946412,8.901668999897083,1119.4218339987856,11080.368746139593
1713998523,51,,Aggregated,86.700000,0.000000,480,590,690,700,800,880,910,1000,1000,1100,1100,1714,0,480.0,487.38916435175247,8.901668999897083,1119.4218339987856,11092.567677946325
1713998524,51,,Aggregated,87.200000,0.000000,480,600,690,700,800,880,910,1000,1000,1100,1100,1793,0,480.0,489.0549659926945,8.901668999897083,1119.4218339987856,11103.089235917456
1713998525,51,,Aggregated,87.500000,0.000000,490,600,690,700,800,880,910,1000,1000,1100,1100,1881,0,490.0,491.80052397018466,8.901668999897083,1119.4218339987856,11127.240829346092
1713998526,51,,Aggregated,87.700000,0.000000,490,600,690,700,800,890,910,1000,1000,1100,1100,1963,0,490.0,494.7009047294553,8.901668999897083,1119.4218339987856,11146.625573102394
1713998527,51,,Aggregated,86.100000,0.000000,490,600,690,700,800,890,910,1000,1000,1100,1100,2047,0,490.0,495.68675482263876,8.901668999897083,1119.4218339987856,11126.347337567171
1713998528,51,,Aggregated,86.600000,0.000000,490,600,690,700,800,890,910,1000,1000,1100,1100,2140,0,490.0,496.8758636574544,8.901668999897083,1119.4218339987856,11140.056542056074
1713998529,51,,Aggregated,87.800000,0.000000,490,600,690,700,800,880,910,1000,1000,1100,1100,2238,0,490.0,496.16270470730717,8.901668999897083,1119.4218339987856,11147.950848972298
1713998530,51,,Aggregated,87.400000,0.000000,490,600,690,700,800,880,910,990,1000,1100,1100,2331,0,490.0,495.9808357099819,8.901668999897083,1119.4218339987856,11138.23637923638
1713998531,51,,Aggregated,88.100000,0.000000,490,600,690,700,800,880,910,990,1000,1100,1100,2420,0,490.0,495.307859987169,8.901668999897083,1119.4218339987856,11135.148347107439
1713998532,51,,Aggregated,88.200000,0.000000,490,600,690,700,800,820,910,990,1000,1100,1100,2506,0,490.0,493.3002553866498,8.901668999897083,1119.4218339987856,11132.485634477254
1713998533,51,,Aggregated,89.400000,0.000000,490,600,690,700,800,890,910,990,1000,1200,1200,2595,0,490.0,496.3103759922661,8.901668999897083,1198.1604699976742,11122.182658959538
1713998534,51,,Aggregated,88.800000,0.000000,490,600,690,700,800,890,910,990,1000,1200,1200,2679,0,490.0,496.44570929075456,8.901668999897083,1198.1604699976742,11126.513997760358
1713998535,51,,Aggregated,89.100000,0.000000,490,600,690,700,800,890,910,990,1000,1200,1200,2781,0,490.0,497.67945823909844,8.901668999897083,1198.1604699976742,11124.58683926645
1713998536,51,,Aggregated,89.500000,0.000000,490,600,690,700,800,880,910,990,1000,1200,1200,2873,0,490.0,497.9129425151154,8.901668999897083,1198.1604699976742,11112.438217890707
1713998537,51,,Aggregated,90.800000,0.000000,490,600,690,700,800,890,910,990,1000,1200,1200,2956,0,490.0,499.10811623847826,8.901668999897083,1198.1604699976742,11140.424221921516
1713998538,51,,Aggregated,91.000000,0.000000,490,600,700,700,800,890,910,990,1000,1200,1200,3046,0,490.0,501.01194454987615,8.901668999897083,1198.1604699976742,11159.204858831254
1713998539,51,,Aggregated,90.500000,0.000000,490,600,700,700,800,880,910,990,1000,1200,1200,3134,0,490.0,501.5004396757872,8.901668999897083,1198.1604699976742,11153.01595405233
1713998540,51,,Aggregated,90.000000,0.000000,490,600,690,700,800,880,910,990,1000,1200,1200,3220,0,490.0,500.5116794381717,8.901668999897083,1198.1604699976742,11163.80248447205
1713998541,51,,Aggregated,89.000000,0.000000,490,600,700,700,800,880,910,990,1000,1200,1200,3307,0,490.0,500.71944479101705,8.901668999897083,1198.1604699976742,11163.035077109162
1713998542,51,,Aggregated,89.700000,0.000000,490,600,700,700,800,880,910,990,1000,1200,1200,3388,0,490.0,501.2533725525112,8.901668999897083,1198.1604699976742,11147.2373081464
1713998543,51,,Aggregated,89.000000,0.000000,490,600,700,700,800,880,910,990,1000,1200,1200,3485,0,490.0,501.53582139710824,8.901668999897083,1198.1604699976742,11151.736585365854
1713998544,51,,Aggregated,88.300000,0.000000,490,600,700,700,800,880,910,990,1000,1200,1200,3562,0,490.0,501.87185174899577,8.901668999897083,1198.1604699976742,11144.932341381247
1713998545,51,,Aggregated,88.900000,0.000000,490,600,700,700,800,880,910,990,1000,1200,1200,3646,0,490.0,502.67158160063946,8.901668999897083,1198.1604699976742,11145.645913329676
1713998546,51,,Aggregated,87.600000,0.000000,490,600,700,710,800,890,910,990,1000,1200,1200,3740,0,490.0,504.83881510666896,8.901668999897083,1198.1604699976742,11145.33422459893
1713998547,51,,Aggregated,87.600000,0.000000,490,600,700,710,800,890,910,990,1000,1200,1200,3818,1,490.0,506.2774777346626,8.901668999897083,1198.1604699976742,11154.18281822944
1713998548,51,,Aggregated,85.800000,0.000000,490,600,700,710,800,890,910,990,1000,1200,1200,3913,1,490.0,507.26248897059696,8.901668999897083,1198.1604699976742,11148.933554817275
1713998549,51,,Aggregated,85.700000,0.000000,490,600,700,710,800,890,910,990,1000,1200,1200,3997,1,490.0,507.11357754489654,8.901668999897083,1198.1604699976742,11152.711783837878
1713998550,51,,Aggregated,86.000000,0.100000,490,600,700,710,800,890,910,990,1000,1200,1200,4098,1,490.0,506.9853774382479,8.901668999897083,1198.1604699976742,11166.07589067838
1713998551,51,,Aggregated,88.000000,0.100000,490,600,700,710,800,890,910,990,1000,1200,1200,4183,1,490.0,506.992253769769,8.901668999897083,1198.1604699976742,11172.473822615348
1713998552,51,,Aggregated,87.700000,0.100000,490,600,700,710,800,890,910,990,1000,1200,1200,4276,1,490.0,506.75450449531655,8.901668999897083,1198.1604699976742,11159.526426566885
1713998553,51,,Aggregated,87.000000,0.100000,490,600,700,710,800,890,910,990,1000,1200,1200,4358,1,490.0,506.06606349608865,8.901668999897083,1198.1604699976742,11157.858650757227
1713998554,51,,Aggregated,87.800000,0.100000,490,600,700,710,800,890,910,990,1000,1200,1200,4466,1,490.0,505.8782431638894,8.901668999897083,1198.1604699976742,11149.428795342588
1713998555,51,,Aggregated,88.200000,0.100000,490,600,700,700,800,890,910,980,1000,1200,1200,4559,1,490.0,504.82437247947354,8.901668999897083,1198.1604699976742,11161.514147839438
1713998556,51,,Aggregated,88.800000,0.100000,490,600,700,700,800,890,910,990,1000,1200,1200,4633,1,490.0,504.9913717414005,8.901668999897083,1198.1604699976742,11159.342542628967
1713998557,51,,Aggregated,90.100000,0.100000,490,600,700,700,800,890,910,990,1000,1200,1200,4718,1,490.0,505.47434820875003,8.901668999897083,1198.1604699976742,11157.540483255616
1713998558,51,,Aggregated,90.400000,0.100000,490,600,700,700,800,890,910,990,1000,1200,1200,4808,1,490.0,505.816901095443,8.901668999897083,1198.1604699976742,11147.036605657238
1713998559,51,,Aggregated,90.300000,0.100000,490,600,700,710,800,890,910,990,1000,1200,1200,4902,1,490.0,507.30180024150786,8.901668999897083,1198.1604699976742,11160.747042023664
1713998560,51,,Aggregated,91.100000,0.000000,490,600,700,710,800,890,910,990,1000,1200,1200,5000,1,490.0,507.06255770657316,8.901668999897083,1198.1604699976742,11150.5518
1713998561,51,,Aggregated,88.300000,0.000000,490,600,700,710,800,890,910,990,1000,1200,1200,5068,1,490.0,507.48491384113584,8.901668999897083,1198.1604699976742,11166.371941594318
1713998562,51,,Aggregated,88.800000,0.000000,490,600,700,710,800,890,910,990,1100,1200,1200,5168,1,490.0,508.455886463789,8.901668999897083,1215.4546049969213,11166.55089009288
1713998563,51,,Aggregated,89.600000,0.000000,490,600,700,710,800,890,910,990,1100,1200,1200,5252,1,490.0,508.9472619245755,8.901668999897083,1215.4546049969213,11169.214775323686
1713998564,51,,Aggregated,89.600000,0.000000,490,600,700,710,800,890,910,990,1100,1200,1200,5338,1,490.0,509.3695781524708,8.901668999897083,1215.4546049969213,11162.958973398276
1713998565,51,,Aggregated,88.400000,0.000000,490,600,700,710,800,890,910,990,1100,1200,1200,5424,1,490.0,509.38897395849926,8.901668999897083,1215.4546049969213,11167.125737463128
1713998566,51,,Aggregated,88.200000,0.000000,490,600,700,710,800,890,910,990,1100,1200,1200,5521,1,490.0,509.90829062722486,8.901668999897083,1215.4546049969213,11158.564209382359
1713998567,51,,Aggregated,86.500000,0.000000,490,600,700,710,800,890,910,990,1100,1200,1200,5605,1,490.0,509.1850226427951,8.901668999897083,1215.4546049969213,11156.420160570919
1713998568,51,,Aggregated,85.800000,0.000000,490,600,700,700,800,890,910,990,1100,1200,1200,5690,1,490.0,508.96325162317265,8.901668999897083,1215.4546049969213,11163.669244288225
1713998569,51,,Aggregated,87.500000,0.000000,490,600,700,710,800,890,910,990,1100,1200,1200,5776,1,490.0,509.783573854199,8.901668999897083,1215.4546049969213,11162.630886426592
1713998570,51,,Aggregated,87.300000,0.000000,490,600,700,710,800,890,910,990,1100,1200,1200,5860,1,490.0,510.09613149980333,8.901668999897083,1215.4546049969213,11155.605972696245
1713998571,51,,Aggregated,88.100000,0.000000,490,600,700,710,800,890,910,990,1100,1200,1200,5948,1,490.0,510.30162933033597,8.901668999897083,1215.4546049969213,11156.139710827169
1713998572,51,,Aggregated,87.200000,0.000000,490,600,700,710,800,890,910,990,1100,1200,1200,6039,1,490.0,510.9769005951064,8.901668999897083,1215.4546049969213,11157.223712535188
1713998573,51,,Aggregated,86.500000,0.000000,490,600,700,710,800,890,910,990,1100,1200,1200,6131,1,490.0,511.24368868681347,8.901668999897083,1215.4546049969213,11167.633501875713
1713998574,51,,Aggregated,85.900000,0.000000,490,600,700,710,800,890,910,1000,1100,1200,1200,6208,1,490.0,511.72190194150625,8.901668999897083,1215.4546049969213,11175.710051546392
1713998575,51,,Aggregated,87.500000,0.000000,490,600,700,710,800,890,910,1000,1100,1200,1200,6297,1,490.0,512.5718016012174,8.901668999897083,1215.4546049969213,11164.971414959504
1713998576,51,,Aggregated,87.200000,0.000000,490,600,700,710,800,890,910,1000,1100,1200,1200,6375,1,490.0,512.2562048035851,8.901668999897083,1215.4546049969213,11165.667450980392
1713998577,51,,Aggregated,86.200000,0.000000,490,600,700,710,800,890,910,1000,1100,1200,1200,6466,1,490.0,512.6852901005049,8.901668999897083,1215.4546049969213,11172.186359418496
1713998578,51,,Aggregated,87.500000,0.000000,490,600,700,710,800,890,910,990,1100,1200,1200,6551,1,490.0,512.321612027762,8.901668999897083,1215.4546049969213,11162.423294153565
1713998579,51,,Aggregated,86.200000,0.000000,490,600,700,710,800,890,910,990,1100,1200,1200,6645,1,490.0,512.5190904005826,8.901668999897083,1215.4546049969213,11164.221068472536
1713998580,51,,Aggregated,86.600000,0.000000,490,600,700,710,800,890,910,990,1100,1200,1200,6726,1,490.0,512.4939793791085,8.901668999897083,1215.4546049969213,11163.045495093666
1713998581,51,,Aggregated,87.500000,0.000000,490,600,700,710,800,890,910,990,1100,1200,1200,6810,1,490.0,512.7589542387532,8.901668999897083,1215.4546049969213,11162.879295154185
1713998582,51,,Aggregated,87.000000,0.000000,490,600,700,710,800,890,910,990,1100,1200,1200,6900,1,490.0,512.8816355827436,8.901668999897083,1215.4546049969213,11160.882898550724
1713998583,51,,Aggregated,86.700000,0.000000,490,600,700,710,800,890,910,990,1100,1200,1200,6997,1,490.0,513.3889461769195,8.901668999897083,1215.4546049969213,11169.625553808775
1713998584,51,,Aggregated,86.500000,0.000000,490,600,700,710,800,890,910,990,1100,1200,1200,7088,1,490.0,513.5657911431852,8.901668999897083,1215.4546049969213,11160.693707674944
1713998585,51,,Aggregated,86.400000,0.000000,490,600,700,710,800,890,910,990,1100,1200,1200,7175,1,490.0,514.1980567022852,8.901668999897083,1215.4546049969213,11169.022160278746
1713998586,51,,Aggregated,87.300000,0.000000,490,600,700,710,800,890,910,990,1100,1200,1200,7256,1,490.0,514.2279742224229,8.901668999897083,1215.4546049969213,11169.98993936053
1713998587,51,,Aggregated,88.600000,0.000000,490,610,700,710,800,890,910,990,1100,1200,1200,7344,1,490.0,514.8788026119112,8.901668999897083,1215.4546049969213,11177.026960784313
1713998588,51,,Aggregated,88.600000,0.000000,490,610,700,710,800,890,910,990,1100,1200,1200,7432,1,490.0,514.7059508526489,8.901668999897083,1215.4546049969213,11172.331404736276
1713998589,51,,Aggregated,87.500000,0.000000,490,610,700,710,800,890,910,990,1100,1200,1200,7506,1,490.0,514.6519694027296,8.901668999897083,1215.4546049969213,11172.102851052492
1713998590,51,,Aggregated,86.500000,0.000000,490,610,700,710,800,890,910,990,1100,1200,1200,7597,1,490.0,514.4864064360764,8.901668999897083,1215.4546049969213,11164.681848097933
1713998591,51,,Aggregated,85.300000,0.000000,490,610,700,710,800,890,910,1000,1100,1200,1200,7688,1,490.0,514.8045942455624,8.901668999897083,1215.4546049969213,11167.58532778356
1713998592,51,,Aggregated,87.100000,0.000000,490,610,700,710,800,890,910,1000,1100,1200,1200,7789,1,490.0,514.8920317821131,8.901668999897083,1215.4546049969213,11169.143535755553
1713998593,51,,Aggregated,86.800000,0.000000,490,610,700,710,800,890,910,990,1100,1200,1200,7865,1,490.0,514.7530703099682,8.901668999897083,1215.4546049969213,11169.142530197076
1713998594,51,,Aggregated,87.000000,0.000000,490,610,700,710,800,890,910,990,1100,1200,1200,7950,1,490.0,515.2325609851438,8.901668999897083,1215.4546049969213,11171.029433962263
1713998595,51,,Aggregated,87.000000,0.000000,490,610,700,710,800,890,910,990,1100,1200,1200,8038,1,490.0,515.3251088580378,8.901668999897083,1215.4546049969213,11168.560587210748
1713998596,51,,Aggregated,86.400000,0.000000,490,610,700,710,800,890,910,990,1100,1200,1200,8127,1,490.0,515.7010233227408,8.901668999897083,1215.4546049969213,11165.387350805955
1713998597,51,,Aggregated,86.400000,0.000000,490,610,700,710,800,890,910,990,1100,1200,1200,8218,1,490.0,515.9040655150781,8.901668999897083,1215.4546049969213,11167.144195668046
1713998598,51,,Aggregated,86.500000,0.000000,490,610,700,710,800,890,910,990,1100,1200,1200,8310,1,490.0,516.1859966267032,8.901668999897083,1215.4546049969213,11170.866185318893
1713998599,51,,Aggregated,88.500000,0.000000,490,610,700,710,800,890,910,990,1100,1200,1200,8393,1,490.0,516.1803387917201,8.901668999897083,1215.4546049969213,11176.328964613369
1713998600,51,,Aggregated,88.300000,0.000000,490,610,700,710,800,890,910,990,1100,1200,1200,8481,1,490.0,515.9861493734126,8.901668999897083,1215.4546049969213,11178.884329678103
1713998601,51,,Aggregated,89.000000,0.000000,490,610,700,710,800,890,910,990,1100,1200,1200,8566,1,490.0,515.7675081743993,8.901668999897083,1215.4546049969213,11174.453303759048
1713998602,51,,Aggregated,88.100000,0.000000,490,610,700,710,800,890,910,990,1100,1200,1200,8658,1,490.0,516.099058319576,8.901668999897083,1215.4546049969213,11173.312196812196
1713998603,51,,Aggregated,88.800000,0.000000,490,610,700,710,800,890,910,990,1100,1200,1200,8748,1,490.0,515.9095296201281,8.901668999897083,1215.4546049969213,11171.982395976223
1713998604,51,,Aggregated,88.200000,0.000000,490,610,700,710,800,890,910,990,1100,1200,1200,8834,1,490.0,515.7439800631519,8.901668999897083,1215.4546049969213,11168.553429929816
1713998605,51,,Aggregated,87.900000,0.000000,490,610,700,710,800,890,910,990,1100,1200,1200,8922,1,490.0,515.5430552610278,8.901668999897083,1215.4546049969213,11170.216767540911
1713998606,51,,Aggregated,88.200000,0.000000,490,610,700,710,800,890,910,990,1100,1200,1200,9004,1,490.0,515.6232597045619,8.901668999897083,1215.4546049969213,11169.498000888494
1713998607,51,,Aggregated,88.500000,0.000000,490,610,700,710,800,890,910,990,1100,1200,1200,9101,1,490.0,515.800855641346,8.901668999897083,1215.4546049969213,11168.486759696736
1713998608,51,,Aggregated,88.100000,0.000000,490,610,700,710,800,890,910,990,1100,1200,1200,9188,1,490.0,516.2280953716671,8.901668999897083,1215.4546049969213,11169.992707879843
1713998609,51,,Aggregated,87.700000,0.000000,490,610,700,710,800,890,910,990,1100,1200,1200,9278,1,490.0,516.4076448341092,8.901668999897083,1215.4546049969213,11166.797909032119
1713998610,51,,Aggregated,87.700000,0.000000,500,610,700,710,800,890,910,990,1100,1200,1200,9358,1,500.0,516.914557316826,8.901668999897083,1215.4546049969213,11178.164137636248
1713998611,51,,Aggregated,87.500000,0.000000,500,610,700,710,800,890,910,990,1100,1200,1200,9450,2,500.0,516.8258216502476,8.901668999897083,1215.4546049969213,11181.818941798942
1713998612,51,,Aggregated,87.400000,0.000000,500,610,700,710,800,890,910,990,1100,1200,1200,9539,2,500.0,517.4472565036015,8.901668999897083,1215.4546049969213,11176.90481182514
1713998613,51,,Aggregated,87.600000,0.000000,500,610,700,710,800,890,910,990,1100,1200,1200,9629,2,500.0,516.9271466022301,8.901668999897083,1215.4546049969213,11170.014850971025
1713998614,51,,Aggregated,87.200000,0.100000,500,610,700,710,800,890,910,990,1100,1200,1200,9720,2,500.0,516.6666285990597,8.901668999897083,1215.4546049969213,11174.335905349793
1713998615,51,,Aggregated,86.500000,0.100000,500,610,700,710,800,890,910,990,1100,1200,1200,9809,2,500.0,516.6484655115567,8.901668999897083,1215.4546049969213,11169.176266693852
1713998616,51,,Aggregated,87.000000,0.100000,500,610,700,710,800,890,910,990,1100,1200,1200,9892,2,500.0,516.9010202559497,8.901668999897083,1215.4546049969213,11175.393247068338
1713998617,51,,Aggregated,87.400000,0.100000,500,610,700,710,800,890,910,990,1100,1200,1200,9972,2,500.0,517.0445839049174,8.901668999897083,1215.4546049969213,11171.464801444043
1713998618,51,,Aggregated,88.000000,0.100000,500,610,700,710,800,890,910,990,1100,1200,1200,10057,2,500.0,517.282672634765,8.901668999897083,1215.4546049969213,11173.096649100129
1713998619,51,,Aggregated,86.900000,0.100000,500,610,700,710,800,890,910,990,1100,1200,1200,10152,2,500.0,517.3702293579432,8.901668999897083,1215.4546049969213,11174.521375098502
1713998620,51,,Aggregated,86.900000,0.100000,500,610,700,710,800,890,910,990,1100,1200,1200,10236,2,500.0,517.8054811599088,8.901668999897083,1215.4546049969213,11175.3643024619
1713998621,51,,Aggregated,86.800000,0.100000,500,610,700,710,800,890,910,990,1100,1200,1200,10319,2,500.0,517.845569376377,8.901668999897083,1215.4546049969213,11170.403042930517
1713998622,51,,Aggregated,86.600000,0.100000,500,610,700,710,800,890,910,990,1100,1200,1200,10413,2,500.0,517.5903627082337,8.901668999897083,1215.4546049969213,11176.752616921156
1713998623,51,,Aggregated,87.000000,0.100000,500,610,700,710,800,890,910,990,1100,1200,1200,10494,2,500.0,517.9910769010693,8.901668999897083,1215.4546049969213,11179.322946445587
1713998624,51,,Aggregated,87.800000,0.000000,500,610,700,710,800,890,910,990,1100,1200,1200,10578,2,500.0,517.9593407028561,8.901668999897083,1215.4546049969213,11177.432690489695
1713998625,51,,Aggregated,89.200000,0.000000,500,610,700,710,800,890,910,990,1100,1200,1200,10660,2,500.0,517.7871283139604,8.901668999897083,1215.4546049969213,11173.466041275797
1713998626,51,,Aggregated,87.700000,0.000000,500,610,700,710,800,890,910,990,1100,1200,1200,10751,2,500.0,518.3265959064087,8.901668999897083,1215.4546049969213,11172.288066226398
1713998627,51,,Aggregated,86.100000,0.000000,500,610,700,710,800,890,910,990,1100,1200,1200,10844,2,500.0,518.4172247531169,8.901668999897083,1215.4546049969213,11173.21919955736
1713998628,51,,Aggregated,85.400000,0.000000,500,610,700,710,800,890,910,990,1100,1200,1200,10923,2,500.0,518.5682060755115,8.901668999897083,1215.4546049969213,11172.980866062437
1713998629,51,,Aggregated,85.800000,0.000000,500,610,700,710,800,890,910,990,1100,1200,1200,11008,2,500.0,518.3820456313427,8.901668999897083,1215.4546049969213,11171.955759447674
1713998630,51,,Aggregated,86.400000,0.000000,500,610,700,710,800,890,910,990,1100,1200,1200,11096,2,500.0,518.7514666193064,8.901668999897083,1215.4546049969213,11170.595710165826
1713998631,51,,Aggregated,85.900000,0.000000,500,610,700,710,800,890,910,990,1100,1200,1200,11183,2,500.0,519.0506276140399,8.901668999897083,1215.4546049969213,11172.809264061521
1713998632,51,,Aggregated,86.400000,0.000000,500,610,700,710,800,890,910,990,1100,1200,1200,11264,2,500.0,519.3468388708117,8.901668999897083,1215.4546049969213,11171.34286221591
1713998633,51,,Aggregated,85.700000,0.000000,500,610,700,710,800,890,910,990,1100,1200,1200,11354,2,500.0,519.782332724663,8.901668999897083,1215.4546049969213,11172.607186894487
1713998634,51,,Aggregated,86.100000,0.000000,500,610,700,710,800,890,910,990,1100,1200,1200,11429,2,500.0,519.9385897997914,8.901668999897083,1215.4546049969213,11178.584740572229
1713998635,51,,Aggregated,84.800000,0.000000,500,610,700,710,800,890,910,1000,1100,1200,1200,11517,2,500.0,520.7363332072428,8.901668999897083,1215.4546049969213,11183.40279586698
1713998636,51,,Aggregated,85.600000,0.000000,500,610,700,710,800,890,910,1000,1100,1200,1200,11599,2,500.0,520.9087398317816,8.901668999897083,1215.4546049969213,11179.586860936288
1713998637,51,,Aggregated,84.900000,0.000000,500,610,700,710,800,890,910,1000,1100,1200,1200,11679,2,500.0,520.7792427223073,8.901668999897083,1215.4546049969213,11178.326654679338
1713998638,51,,Aggregated,84.100000,0.000000,500,610,700,710,800,890,910,1000,1100,1200,1200,11763,2,500.0,520.7747450664644,8.901668999897083,1215.4546049969213,11178.807702116806
1713998639,51,,Aggregated,83.900000,0.000000,500,610,700,710,800,890,910,990,1100,1200,1200,11847,2,500.0,520.9485036354205,8.901668999897083,1215.4546049969213,11175.518443487803
1713998640,51,,Aggregated,83.300000,0.000000,500,610,700,710,800,890,910,990,1100,1200,1200,11947,2,500.0,520.4976828039531,8.901668999897083,1215.4546049969213,11173.686113668704
1713998641,51,,Aggregated,83.600000,0.000000,500,610,700,710,800,890,910,990,1100,1200,1200,12035,2,500.0,520.4764883095003,8.901668999897083,1215.4546049969213,11171.10643955131
1713998642,51,,Aggregated,84.400000,0.000000,500,610,700,710,800,890,910,990,1100,1200,1200,12115,2,500.0,520.4088574891337,8.901668999897083,1215.4546049969213,11174.524473792819
1713998643,51,,Aggregated,84.500000,0.000000,500,610,700,710,800,890,910,990,1100,1200,1200,12208,2,500.0,520.7976818041315,8.901668999897083,1215.4546049969213,11176.01515399738
1713998644,51,,Aggregated,84.600000,0.000000,500,610,700,710,800,890,910,990,1100,1200,1200,12297,2,500.0,520.9455582017418,8.901668999897083,1215.4546049969213,11172.894445799788
1713998645,51,,Aggregated,84.100000,0.000000,500,610,700,710,800,890,910,990,1100,1200,1200,12388,2,500.0,521.1000833984352,8.901668999897083,1215.4546049969213,11177.420568291895
1713998646,51,,Aggregated,83.800000,0.000000,500,610,700,710,800,890,910,990,1100,1200,1200,12461,2,500.0,521.445719744467,8.901668999897083,1215.4546049969213,11177.059947034748
1713998647,51,,Aggregated,86.800000,0.000000,500,610,700,710,800,890,910,990,1100,1200,1200,12549,2,500.0,521.5571841662942,8.901668999897083,1215.4546049969213,11181.54028209419
1713998648,51,,Aggregated,87.600000,0.000000,500,610,700,710,800,890,910,990,1100,1200,1200,12631,2,500.0,522.1215494700989,8.901668999897083,1215.4546049969213,11178.00253344945
1713998649,51,,Aggregated,87.200000,0.000000,500,610,700,710,800,890,910,990,1100,1200,1200,12720,2,500.0,521.7051714042321,8.901668999897083,1215.4546049969213,11175.234827044025
1713998650,51,,Aggregated,86.900000,0.000000,500,610,700,710,800,890,910,990,1100,1200,1200,12801,2,500.0,521.5607978572638,8.901668999897083,1215.4546049969213,11173.769236778377
1713998651,51,,Aggregated,87.600000,0.000000,500,610,700,710,800,890,910,990,1100,1200,1200,12894,2,500.0,521.838911116785,8.901668999897083,1215.4546049969213,11179.52815262913
1713998652,51,,Aggregated,86.200000,0.000000,500,610,700,710,800,890,910,990,1100,1200,1200,12990,2,500.0,521.5713736049142,8.901668999897083,1215.4546049969213,11176.786605080832
1713998653,51,,Aggregated,86.100000,0.000000,500,610,700,710,800,890,910,990,1100,1200,1200,13078,2,500.0,521.6236499997575,8.901668999897083,1215.4546049969213,11174.821379415813
1713998654,51,,Aggregated,86.900000,0.000000,500,610,700,710,800,890,910,990,1100,1200,1200,13155,2,500.0,521.3486928052307,8.901668999897083,1215.4546049969213,11175.505283162296
1713998655,51,,Aggregated,87.600000,0.000000,500,610,700,710,800,890,910,990,1100,1200,1200,13237,2,500.0,521.5935740311107,8.901668999897083,1215.4546049969213,11178.329681952104
1713998656,51,,Aggregated,87.900000,0.000000,500,610,700,710,800,890,910,990,1100,1200,1200,13330,2,500.0,521.6993337588,8.901668999897083,1215.4546049969213,11174.719429857465
1713998657,51,,Aggregated,86.000000,0.000000,500,610,700,710,800,890,910,990,1100,1200,1200,13420,2,500.0,521.8354872241281,8.901668999897083,1215.4546049969213,11172.315424739196
1713998658,51,,Aggregated,86.200000,0.000000,500,610,700,710,800,890,910,990,1100,1200,1200,13503,2,500.0,522.1104710293132,8.901668999897083,1215.4546049969213,11174.234910760571
1713998659,51,,Aggregated,86.600000,0.000000,500,610,700,710,800,890,910,990,1100,1200,1200,13596,2,500.0,522.221258841705,8.901668999897083,1215.4546049969213,11182.017505148573
1713998660,51,,Aggregated,87.500000,0.000000,500,610,700,710,800,890,910,990,1100,1200,1200,13682,2,500.0,522.3452923092249,8.901668999897083,1215.4546049969213,11179.099327583686
1713998661,51,,Aggregated,86.700000,0.000000,500,610,700,710,800,890,910,990,1100,1200,1200,13773,2,500.0,522.1844420985124,8.901668999897083,1215.4546049969213,11178.500980178611
1713998662,51,,Aggregated,87.100000,0.000000,500,610,700,710,800,890,910,990,1100,1200,1200,13855,2,500.0,521.8564894086463,8.901668999897083,1215.4546049969213,11177.51122338506
1713998663,51,,Aggregated,87.500000,0.000000,500,610,700,710,800,890,910,990,1100,1200,1200,13946,2,500.0,522.0037455060797,8.901668999897083,1215.4546049969213,11175.003585257422
1713998664,51,,Aggregated,86.300000,0.000000,500,610,700,710,800,890,910,990,1100,1200,1200,14035,2,500.0,522.1120195937146,8.901668999897083,1215.4546049969213,11175.103455646598
1713998665,51,,Aggregated,85.400000,0.000000,500,610,700,710,800,890,910,990,1100,1200,1200,14132,2,500.0,521.7337594338228,8.901668999897083,1215.4546049969213,11172.452519105576
1713998666,51,,Aggregated,86.400000,0.000000,500,610,700,710,800,890,910,990,1100,1200,1200,14215,2,500.0,521.8216738545042,8.901668999897083,1215.4546049969213,11174.71727048892
1713998667,51,,Aggregated,86.600000,0.000000,500,610,700,710,800,890,910,990,1100,1200,1200,14293,2,500.0,522.172722671153,8.901668999897083,1215.4546049969213,11174.47246904079
1713998668,51,,Aggregated,87.500000,0.000000,500,610,700,710,800,890,910,990,1100,1200,1200,14388,2,500.0,522.3472940671946,8.901668999897083,1215.4546049969213,11176.985265499026
1713998669,51,,Aggregated,87.100000,0.000000,500,610,700,710,800,890,910,990,1100,1200,1200,14469,2,500.0,522.6914515752867,8.901668999897083,1215.4546049969213,11175.55380468588
1713998670,51,,Aggregated,86.900000,0.000000,500,610,700,710,800,890,910,990,1100,1200,1200,14564,2,500.0,522.692326428237,8.901668999897083,1215.4546049969213,11175.29936830541
1713998671,51,,Aggregated,87.800000,0.000000,500,610,700,710,800,890,910,990,1100,1200,1200,14656,2,500.0,522.498034042291,8.901668999897083,1215.4546049969213,11183.319323144106
1713998672,51,,Aggregated,87.800000,0.000000,500,610,700,710,800,890,910,990,1100,1200,1200,14739,3,500.0,522.3504410827603,8.901668999897083,1215.4546049969213,11180.019607843138
1713998673,51,,Aggregated,88.500000,0.000000,500,610,700,710,800,890,910,990,1100,1200,1200,14823,3,500.0,522.3916705581045,8.901668999897083,1215.4546049969213,11178.56938541456
