Timestamp,User Count,Type,Name,Requests/s,Failures/s,25%,50%,75%,80%,90%,95%,98%,99%,99.9%,99.99%,100%,Total Request Count,Total Failure Count,Total Median Response Time,Total Average Response Time,Total Min Response Time,Total Max Response Time,Total Average Content Size
1707899398,0,,Aggregated,0.000000,0.000000,N/A,N/A,N/A,N/A,N/A,N/A,N/A,N/A,N/A,N/A,N/A,0,0,0,0.0,0,0,0
1707899399,10,,Aggregated,0.000000,0.000000,7,44,48,49,52,58,61,64,78,78,78,259,0,44,31.740692227496314,1.2624759692698717,77.79428805224597,2918.104247104247
1707899400,20,,Aggregated,0.000000,0.000000,9,46,50,52,60,72,89,93,100,100,100,604,0,46,36.39032781900474,1.1693999404087663,100.30210600234568,2641.5082781456954
1707899401,30,,Aggregated,20.000000,0.000000,9,47,51,53,64,85,95,97,110,110,110,1028,0,47,38.2532896757115,1.1693999404087663,109.55171007663012,2639.589494163424
1707899402,38,,Aggregated,148.000000,0.000000,14,48,55,61,91,95,100,110,130,140,140,1500,0,48,43.95329166312391,0.9821339044719934,137.17527699191123,2657.302
1707899403,38,,Aggregated,212.666667,0.000000,22,48,60,71,92,97,100,110,130,140,140,1939,0,48,47.08768217566232,0.9821339044719934,137.17527699191123,2530.2764311500773
1707899404,38,,Aggregated,265.750000,0.000000,22,48,60,71,92,96,100,110,130,140,140,2324,0,48,46.90850143000866,0.9821339044719934,137.17527699191123,2504.27925989673
1707899405,38,,Aggregated,307.200000,0.000000,23,48,61,73,92,98,100,110,130,140,140,2763,0,48,47.884838266023124,0.9821339044719934,137.96008401550353,2550.687296416938
1707899406,38,,Aggregated,327.666667,0.000000,28,49,69,84,95,99,100,110,140,140,140,3218,0,49,50.17805019993511,0.9821339044719934,137.96008401550353,2524.7318210068365
1707899407,38,,Aggregated,335.714286,0.000000,27,49,67,83,94,99,100,110,140,140,140,3643,0,49,49.68841275256618,0.9821339044719934,137.96008401550353,2477.114740598408
1707899408,38,,Aggregated,349.625000,0.000000,26,49,66,82,94,99,110,110,130,140,140,4017,0,49,49.40528449357712,0.9821339044719934,137.96008401550353,2523.988050784167
1707899409,38,,Aggregated,361.222222,0.000000,31,49,70,86,95,100,110,110,140,140,140,4513,0,49,50.73024116573311,0.9821339044719934,137.96008401550353,2505.8158652780853
1707899410,38,,Aggregated,366.700000,0.000000,32,50,72,86,95,100,110,120,140,140,140,4938,0,50,51.349142701528194,0.9717090288177133,137.96008401550353,2479.1836776022683
1707899411,38,,Aggregated,403.600000,0.000000,31,49,70,84,95,100,110,120,130,140,140,5321,0,49,50.45528918158335,0.9717090288177133,137.96008401550353,2476.12422476978
1707899412,38,,Aggregated,423.900000,0.000000,30,49,71,85,95,100,110,120,140,140,140,5779,0,49,50.83195227329645,0.9717090288177133,137.96008401550353,2491.0508738536078
1707899413,38,,Aggregated,431.800000,0.000000,32,49,72,85,95,100,110,120,140,140,140,6238,0,49,51.352663453748676,0.9717090288177133,137.96008401550353,2498.5880089772363
1707899414,38,,Aggregated,427.300000,0.000000,32,50,72,85,95,100,110,120,140,140,140,6663,0,50,51.46540862153578,0.9717090288177133,137.96008401550353,2467.4496473060185
1707899415,38,,Aggregated,426.000000,0.000000,31,49,70,84,95,100,110,120,140,140,140,7049,0,49,50.92161899411863,0.9717090288177133,137.96008401550353,2474.64278621081
1707899416,38,,Aggregated,429.700000,0.000000,32,50,72,86,96,100,110,120,140,180,180,7507,0,50,51.670859967854284,0.9717090288177133,180.76319701503962,2481.874916744372
1707899417,38,,Aggregated,433.600000,0.000000,34,50,75,88,96,100,110,120,140,180,180,7931,0,50,52.29274235139015,0.9717090288177133,180.76319701503962,2472.5232631446224
1707899418,38,,Aggregated,426.100000,0.000000,33,50,74,87,96,100,110,120,140,180,180,8321,0,50,52.0117102765192,0.9717090288177133,180.76319701503962,2458.5951207787525
1707899419,38,,Aggregated,426.100000,0.000000,32,50,72,87,96,100,110,120,140,180,180,8767,0,50,51.6577267556977,0.8674180135130882,180.76319701503962,2478.0271472567583
1707899420,38,,Aggregated,426.600000,0.000000,33,50,75,88,97,100,110,120,140,180,180,9197,0,50,52.38201861449566,0.8674180135130882,180.76319701503962,2473.65880178319
1707899421,38,,Aggregated,427.700000,0.000000,33,50,75,87,97,100,110,120,140,180,180,9641,0,50,52.49622456064368,0.8674180135130882,180.76319701503962,2461.7662068250183
1707899422,38,,Aggregated,424.000000,0.000000,32,50,73,86,96,100,110,120,140,180,180,10023,0,50,51.98574919009165,0.8674180135130882,180.76319701503962,2462.060959792477
1707899423,38,,Aggregated,425.200000,0.000000,32,50,74,86,96,100,110,130,140,180,180,10489,0,50,52.16611104672457,0.8674180135130882,180.76319701503962,2473.666603108018
1707899424,38,,Aggregated,432.400000,0.000000,33,50,75,87,97,100,110,120,140,180,180,10936,0,50,52.51557926363608,0.8674180135130882,180.76319701503962,2473.688643013899
1707899425,38,,Aggregated,424.100000,0.000000,33,50,74,87,96,100,110,120,140,180,180,11343,0,50,52.32485253710333,0.8674180135130882,180.76319701503962,2460.626024861148
1707899426,38,,Aggregated,423.700000,0.000000,32,50,73,86,96,100,110,120,140,180,180,11786,0,50,51.91300559490486,0.8674180135130882,180.76319701503962,2467.38698455795
1707899427,38,,Aggregated,425.600000,0.000000,33,50,74,87,96,100,110,120,140,180,180,12275,0,50,52.17752652366071,0.8674180135130882,180.76319701503962,2467.7046028513237
1707899428,38,,Aggregated,429.700000,0.000000,33,50,73,86,96,100,110,120,140,180,180,12716,0,50,52.06711924042983,0.8674180135130882,180.76319701503962,2462.6579899339413
1707899429,38,,Aggregated,428.800000,0.000000,32,50,72,86,96,100,110,120,140,180,180,13104,0,50,51.83724681521289,0.8674180135130882,180.76319701503962,2462.8082264957266
1707899430,38,,Aggregated,434.900000,0.000000,32,50,73,86,96,100,110,120,140,180,180,13588,0,50,51.9017305874277,0.8674180135130882,180.76319701503962,2467.7847365322345
1707899431,38,,Aggregated,438.600000,0.000000,33,50,74,86,96,100,110,120,140,180,180,14046,0,50,52.12462145630311,0.8674180135130882,180.76319701503962,2462.3340452797947
1707899432,38,,Aggregated,433.700000,0.000000,33,50,73,86,96,100,110,120,140,180,180,14421,0,50,51.93223161786918,0.8674180135130882,180.76319701503962,2459.966645863671
1707899433,38,,Aggregated,438.800000,0.000000,32,50,72,86,96,100,110,120,140,180,180,14883,0,50,51.78882817312928,0.8674180135130882,180.76319701503962,2466.5574816905196
1707899434,38,,Aggregated,439.200000,0.000000,33,50,73,86,96,100,110,120,140,180,180,15367,0,50,51.93537818664755,0.8674180135130882,180.76319701503962,2469.5828723888853
1707899435,38,,Aggregated,439.400000,0.000000,33,50,73,86,96,100,110,120,140,180,180,15782,0,50,52.05361800518767,0.8674180135130882,180.76319701503962,2457.367443923457
1707899436,38,,Aggregated,439.200000,0.000000,32,50,72,86,96,100,110,120,140,180,180,16155,0,50,51.803632499787035,0.8674180135130882,180.76319701503962,2461.7125348189415
1707899437,38,,Aggregated,443.400000,0.000000,32,50,73,86,96,100,110,120,140,180,180,16630,0,50,51.93867532877863,0.8674180135130882,180.76319701503962,2465.4831629585087
1707899438,38,,Aggregated,443.500000,0.000000,33,50,75,87,96,100,110,120,140,180,180,17089,0,50,52.32709891326608,0.8674180135130882,180.76319701503962,2467.2917081163323
1707899439,38,,Aggregated,436.400000,0.000000,33,50,74,87,96,100,110,120,140,180,180,17418,0,50,52.13977192286839,0.8674180135130882,180.76319701503962,2454.739809392582
1707899440,38,,Aggregated,435.100000,0.000000,33,50,73,87,96,100,110,120,140,180,180,17888,0,50,52.01294521297011,0.8674180135130882,180.76319701503962,2461.124552772809
1707899441,38,,Aggregated,437.600000,0.000000,33,50,75,88,96,100,110,120,140,180,190,18323,0,50,52.35931365269261,0.8674180135130882,193.08878702577204,2467.5793265294983
1707899442,38,,Aggregated,431.500000,0.000000,34,50,75,88,96,100,110,120,140,180,190,18772,0,50,52.47248297351294,0.8674180135130882,193.08878702577204,2454.132324738973
1707899444,38,,Aggregated,427.400000,0.000000,33,50,74,87,96,100,110,120,140,180,190,19134,0,50,52.10020635829966,0.8674180135130882,193.08878702577204,2460.0583777568727
1707899445,38,,Aggregated,434.400000,0.000000,34,50,75,87,96,100,110,120,140,180,190,19592,0,50,52.273555609534306,0.8674180135130882,193.08878702577204,2465.9144548795425
1707899446,38,,Aggregated,423.200000,0.000000,36,50,76,88,97,100,110,120,140,180,190,20072,0,50,52.556818584438396,0.8674180135130882,193.08878702577204,2463.218164607413
1707899447,38,,Aggregated,423.200000,0.000000,36,50,76,88,96,100,110,120,140,180,190,20411,0,50,52.44759975247062,0.8674180135130882,193.08878702577204,2452.6665033560334
1707899448,38,,Aggregated,427.900000,0.000000,34,50,75,87,96,100,110,120,140,180,190,20855,0,50,52.23288666532855,0.8674180135130882,193.08878702577204,2466.4785423159915
1707899449,38,,Aggregated,424.700000,0.000000,36,50,76,88,97,100,110,120,140,180,190,21329,0,50,52.58792656140283,0.8674180135130882,193.08878702577204,2467.4517323831406
1707899450,38,,Aggregated,421.700000,0.000000,37,50,76,88,97,100,110,120,140,180,190,21752,0,50,52.705741841859385,0.8674180135130882,193.08878702577204,2454.489748069143
1707899451,38,,Aggregated,423.000000,0.000000,35,50,76,88,96,100,110,120,140,180,190,22066,0,50,52.41515146043731,0.8674180135130882,193.08878702577204,2459.0183993474125
1707899452,38,,Aggregated,432.100000,0.000000,36,50,76,88,97,100,110,120,140,180,190,22563,0,50,52.64548323043022,0.8674180135130882,193.08878702577204,2463.3453884678456
1707899453,38,,Aggregated,415.500000,0.000000,37,50,77,88,97,100,110,120,140,180,190,22988,0,50,52.81360159359874,0.8674180135130882,193.08878702577204,2462.876065773447
1707899454,38,,Aggregated,423.000000,0.000000,37,50,77,88,97,100,110,120,140,180,190,23361,0,50,52.83977379462381,0.8674180135130882,193.08878702577204,2452.0419502589784
1707899455,38,,Aggregated,420.800000,0.000000,36,50,76,88,97,100,110,120,140,180,190,23777,0,50,52.69459304612672,0.8674180135130882,193.08878702577204,2460.6417125793832
1707899456,38,,Aggregated,423.400000,0.000000,37,50,77,88,97,100,110,120,140,180,190,24251,0,50,52.841086880418786,0.8674180135130882,193.08878702577204,2463.070966145726
1707899457,38,,Aggregated,417.100000,0.000000,37,50,77,88,97,100,110,120,140,180,190,24718,0,50,52.91146772667655,0.8674180135130882,193.08878702577204,2454.0936969010436
1707899458,38,,Aggregated,417.700000,0.000000,36,50,76,88,97,100,110,120,140,180,190,25072,0,50,52.64987503613211,0.8674180135130882,193.08878702577204,2456.3836550733886
1707899459,38,,Aggregated,429.900000,0.000000,36,50,76,88,97,100,110,120,140,180,190,25529,0,50,52.77772967007602,0.8674180135130882,193.08878702577204,2460.7078616475383
1707899460,38,,Aggregated,420.900000,0.000000,36,50,77,88,97,100,110,120,140,180,190,25998,0,50,52.91265615902371,0.8674180135130882,193.08878702577204,2459.317678282945
1707899461,38,,Aggregated,419.200000,0.000000,36,50,76,88,97,100,110,120,140,180,190,26393,0,50,52.77283728041711,0.8674180135130882,193.08878702577204,2453.641798961846
1707899462,38,,Aggregated,424.500000,0.000000,35,50,76,87,97,100,110,120,140,180,190,26828,0,50,52.615102921844525,0.8663609623908997,193.08878702577204,2459.7385194572835
1707899463,38,,Aggregated,433.600000,0.000000,36,50,76,88,97,100,110,120,140,180,190,27331,0,50,52.74778266388044,0.8663609623908997,193.08878702577204,2464.4296952178843
1707899464,38,,Aggregated,426.300000,0.000000,36,50,76,87,96,100,110,120,140,180,190,27764,0,50,52.67828130831538,0.8663609623908997,193.08878702577204,2453.9539691687078
1707899465,38,,Aggregated,433.500000,0.000000,35,50,75,87,96,100,110,120,140,180,190,28159,0,50,52.51164780236377,0.8663609623908997,193.08878702577204,2456.9599062466705
1707899466,38,,Aggregated,439.900000,0.000000,36,50,76,87,97,100,110,120,140,180,190,28615,0,50,52.65176423834111,0.8663609623908997,193.08878702577204,2459.110990739123
1707899467,38,,Aggregated,436.800000,0.000000,36,50,76,88,97,100,110,120,140,180,190,29053,0,50,52.85019495394431,0.8663609623908997,193.08878702577204,2456.4933053385193
1707899468,38,,Aggregated,434.800000,0.000000,36,50,76,88,97,100,110,120,140,180,190,29450,0,50,52.691341785410444,0.8663609623908997,193.08878702577204,2452.150424448217
1707899469,38,,Aggregated,431.300000,0.000000,35,50,76,87,96,100,110,120,140,180,190,29886,0,50,52.599852633477916,0.8663609623908997,193.08878702577204,2457.544535903098
1707899470,38,,Aggregated,437.300000,0.000000,36,50,76,88,97,100,110,130,160,180,200,30288,0,50,52.9330289695059,0.8663609623908997,200.23015595506877,2458.033412572636
1707899471,38,,Aggregated,433.600000,0.000000,37,50,77,88,97,100,110,130,160,180,200,30738,0,50,52.99540619219134,0.8663609623908997,200.23015595506877,2453.8035005530614
1707899472,38,,Aggregated,426.700000,0.000000,36,50,76,88,97,100,110,130,160,180,200,31091,0,50,52.7824348583494,0.8663609623908997,200.23015595506877,2453.2956160946896
1707899473,38,,Aggregated,433.700000,0.000000,35,50,76,88,97,100,110,130,160,180,200,31592,0,50,52.76336527185385,0.8663609623908997,200.23015595506877,2458.038490757154
1707899474,38,,Aggregated,423.600000,0.000000,36,50,77,88,97,100,110,120,160,180,200,32052,0,50,52.925496351522256,0.8663609623908997,200.23015595506877,2456.7979533258454
1707899475,38,,Aggregated,423.600000,0.000000,36,50,76,88,97,100,110,120,160,180,200,32435,0,50,52.83493358155958,0.8663609623908997,200.23015595506877,2453.242207491907
1707899476,38,,Aggregated,426.300000,0.000000,35,50,76,88,96,100,110,120,160,180,200,32865,0,50,52.68661151950416,0.8663609623908997,200.23015595506877,2456.1881636999847
1707899477,38,,Aggregated,428.300000,0.000000,36,50,76,88,97,100,110,130,150,180,200,33321,0,50,52.89470424428081,0.8663609623908997,200.23015595506877,2458.391854986345
1707899478,38,,Aggregated,423.900000,0.000000,36,50,76,88,97,100,110,130,150,180,200,33774,0,50,52.916057382176646,0.8663609623908997,200.23015595506877,2452.6425356783325
1707899479,38,,Aggregated,426.300000,0.000000,36,50,76,88,96,100,110,120,150,180,200,34127,0,50,52.71714643727215,0.8663609623908997,200.23015595506877,2454.1541887654935
1707899480,38,,Aggregated,431.700000,0.000000,36,50,76,88,97,100,110,130,150,180,200,34610,0,50,52.793496349843004,0.8663609623908997,200.23015595506877,2458.145102571511
1707899481,38,,Aggregated,423.000000,0.000000,36,50,76,88,97,100,110,120,150,180,200,35084,0,50,52.89485576092887,0.8663609623908997,200.23015595506877,2456.891118458557
1707899482,38,,Aggregated,430.700000,0.000000,36,50,76,88,96,100,110,120,150,180,200,35459,0,50,52.76581770869738,0.8663609623908997,200.23015595506877,2453.4236724103894
1707899483,38,,Aggregated,433.300000,0.000000,36,50,76,88,97,100,110,130,150,180,200,35867,0,50,52.740993909885084,0.8663609623908997,200.23015595506877,2456.7259876766943
1707899484,38,,Aggregated,437.600000,0.000000,36,50,76,88,97,100,110,130,150,180,200,36341,0,50,52.88491274631647,0.8663609623908997,200.23015595506877,2457.6793979252084
1707899485,38,,Aggregated,426.700000,0.000000,37,50,76,88,97,100,110,130,150,180,200,36782,0,50,52.89263608851261,0.8663609623908997,200.23015595506877,2452.2360393670815
1707899486,38,,Aggregated,428.500000,0.000000,36,50,76,87,96,100,110,130,150,180,200,37154,0,50,52.70583179796258,0.8663609623908997,200.23015595506877,2455.378963234107
1707899487,38,,Aggregated,433.500000,0.000000,36,50,76,88,97,100,110,130,150,180,200,37630,0,50,52.80986261466387,0.8663609623908997,200.23015595506877,2457.903109221366
1707899488,38,,Aggregated,428.500000,0.000000,36,50,76,88,97,100,110,130,150,180,200,38098,0,50,52.86397392084681,0.8663609623908997,200.23015595506877,2454.864087353667
1707899489,38,,Aggregated,429.000000,0.000000,36,50,76,87,96,100,110,130,150,180,200,38493,0,50,52.7459829234546,0.8663609623908997,200.23015595506877,2453.2537864027227
1707899490,38,,Aggregated,430.800000,0.000000,35,50,76,87,96,100,110,130,150,180,200,38942,0,50,52.665880640096624,0.8663609623908997,200.23015595506877,2457.230907503467
1707899491,38,,Aggregated,437.000000,0.000000,36,50,76,88,97,100,110,130,150,180,200,39398,0,50,52.79834957697582,0.8663609623908997,200.23015595506877,2458.033453474796
1707899492,38,,Aggregated,433.400000,0.000000,36,50,76,87,96,100,110,130,150,180,200,39831,0,50,52.807860893895025,0.8663609623908997,200.23015595506877,2451.5904195224825
1707899493,38,,Aggregated,430.700000,0.000000,35,50,76,87,96,100,110,120,150,180,200,40244,0,50,52.60351056402632,0.8663609623908997,200.23015595506877,2455.029867806381
1707899494,38,,Aggregated,436.900000,0.000000,35,50,76,87,96,100,110,120,150,180,200,40697,0,50,52.67466390326592,0.8663609623908997,200.23015595506877,2456.919944959088
1707899495,38,,Aggregated,437.900000,0.000000,35,50,76,87,97,100,110,130,150,190,200,41131,0,50,52.838740494629796,0.8663609623908997,200.23015595506877,2455.444676764484
1707899496,38,,Aggregated,435.700000,0.000000,35,50,76,87,97,100,110,130,150,190,200,41529,0,50,52.749443494408865,0.8663609623908997,200.23015595506877,2453.6181463555586
1707899497,38,,Aggregated,434.600000,0.000000,34,50,76,87,96,100,110,120,150,190,200,41964,0,50,52.65045931269929,0.8663609623908997,200.23015595506877,2455.3535887903918
1707899498,38,,Aggregated,437.400000,0.000000,34,50,76,87,97,100,110,120,150,190,200,42446,0,50,52.74299323580288,0.8663609623908997,200.23015595506877,2459.8363096640437
1707899499,38,,Aggregated,434.300000,0.000000,35,50,76,87,96,100,110,120,150,190,200,42881,0,50,52.76404813500927,0.8663609623908997,200.23015595506877,2452.935589188685
1707899500,38,,Aggregated,433.900000,0.000000,34,50,76,87,96,100,110,120,150,190,200,43231,0,50,52.6655742795005,0.8663609623908997,200.23015595506877,2453.00788785825
1707899501,38,,Aggregated,438.600000,0.000000,34,50,76,87,96,100,110,120,150,190,200,43734,0,50,52.677521047925644,0.8663609623908997,200.23015595506877,2457.136004024329
1707899502,38,,Aggregated,429.900000,0.000000,34,50,76,87,97,100,110,120,150,190,200,44177,0,50,52.78433636911417,0.8663609623908997,200.23015595506877,2455.9042940896848
1707899503,38,,Aggregated,430.300000,0.000000,34,50,76,87,97,100,110,120,150,190,200,44561,0,50,52.77449862755376,0.8663609623908997,200.23015595506877,2451.5351316173337
1707899504,38,,Aggregated,431.800000,0.000000,34,50,76,87,96,100,110,120,150,190,200,44978,0,50,52.665278553207074,0.8663609623908997,200.23015595506877,2456.0840188536617
1707899505,38,,Aggregated,433.400000,0.000000,34,50,76,87,97,100,110,120,150,190,200,45444,0,50,52.7636499262658,0.8663609623908997,200.23015595506877,2458.115966904322
1707899506,38,,Aggregated,425.200000,0.000000,34,50,76,87,97,100,110,120,150,190,200,45904,0,50,52.83362272688589,0.8663609623908997,200.23015595506877,2452.0536336702685
1707899507,38,,Aggregated,430.200000,0.000000,34,50,76,87,97,100,110,120,150,190,200,46226,0,50,52.684056157297526,0.8663609623908997,200.23015595506877,2453.0615670834595
1707899508,38,,Aggregated,437.100000,0.000000,34,50,76,87,97,100,110,120,150,190,200,46708,0,50,52.73892831103888,0.8663609623908997,200.23015595506877,2456.122120407639
1707899509,38,,Aggregated,425.700000,0.000000,34,50,76,87,97,100,110,120,150,190,200,47209,0,50,52.802422389278554,0.8663609623908997,200.23015595506877,2456.08214535364
1707899510,38,,Aggregated,426.100000,0.000000,34,50,76,87,97,100,110,120,150,190,200,47579,0,50,52.735794553707194,0.8663609623908997,200.23015595506877,2451.547468420942
1707899511,38,,Aggregated,431.200000,0.000000,34,50,76,87,97,100,110,120,150,190,200,48011,0,50,52.66625860493553,0.8663609623908997,200.23015595506877,2455.30478432026
1707899512,38,,Aggregated,434.800000,0.000000,34,50,76,87,97,100,110,120,150,190,200,48497,0,50,52.73182035552307,0.8663609623908997,200.23015595506877,2457.887415716436
1707899513,38,,Aggregated,429.800000,0.000000,34,50,76,87,97,100,110,120,150,190,200,48921,0,50,52.80202179947375,0.8663609623908997,200.23015595506877,2451.214406900922
1707899514,38,,Aggregated,431.900000,0.000000,34,50,76,87,96,100,110,120,150,190,200,49306,0,50,52.639450142353475,0.8096080273389816,200.23015595506877,2452.8513365513327
1707899515,38,,Aggregated,434.100000,0.000000,34,50,76,87,96,100,110,120,150,190,200,49788,0,50,52.67905143120906,0.8096080273389816,200.23015595506877,2455.3793484373746
1707899516,38,,Aggregated,434.100000,0.000000,34,50,76,87,97,100,110,120,160,190,200,50209,0,50,52.85878645966548,0.8096080273389816,200.23015595506877,2455.1492561094624
1707899517,38,,Aggregated,431.200000,0.000000,34,50,76,87,97,100,110,120,160,190,200,50591,0,50,52.78506493728782,0.8096080273389816,200.23015595506877,2451.6270878219448
1707899518,38,,Aggregated,429.500000,0.000000,33,50,76,86,96,100,110,120,160,190,200,50997,0,50,52.70072499342366,0.8096080273389816,200.23015595506877,2455.780065494049
1707899519,38,,Aggregated,436.800000,0.000000,34,50,76,87,97,100,110,120,160,190,200,51464,0,50,52.8486921333132,0.8096080273389816,200.23015595506877,2454.540397170838
1707899520,38,,Aggregated,426.600000,0.000000,34,50,76,87,97,100,110,120,160,190,200,51897,0,50,52.884535415120126,0.8096080273389816,200.23015595506877,2451.7054935738097
1707899521,38,,Aggregated,426.300000,0.000000,34,50,76,87,97,100,110,120,160,190,200,52271,0,50,52.74419595976373,0.8096080273389816,200.23015595506877,2452.6457117713453
1707899522,38,,Aggregated,429.400000,0.000000,33,50,76,87,97,100,110,120,160,190,200,52773,0,50,52.78545518008415,0.8096080273389816,200.23015595506877,2455.0807988933734
1707899523,38,,Aggregated,424.900000,0.000000,34,50,76,87,97,100,110,120,160,190,200,53214,0,50,52.847819343055185,0.8096080273389816,200.23015595506877,2454.80067275529
1707899524,38,,Aggregated,424.600000,0.000000,34,50,76,87,97,100,110,120,160,190,200,53613,0,50,52.77427636944418,0.8096080273389816,200.23015595506877,2452.671031279727
1707899525,38,,Aggregated,426.600000,0.000000,33,50,76,87,97,100,110,130,160,190,200,54013,0,50,52.781229706668114,0.8096080273389816,200.23015595506877,2455.157313979968
1707899526,38,,Aggregated,429.700000,0.000000,34,50,76,87,97,100,110,130,160,190,200,54473,0,50,52.87667715912697,0.8096080273389816,200.23015595506877,2455.4271473941217
1707899527,38,,Aggregated,423.400000,0.000000,34,50,76,87,97,100,110,130,160,190,200,54925,0,50,52.90439895187616,0.8096080273389816,200.23015595506877,2452.0784706417844
1707899528,38,,Aggregated,423.100000,0.000000,34,50,76,87,97,100,110,130,160,190,200,55260,0,50,52.8112759189119,0.8096080273389816,200.23015595506877,2452.517227651104
1707899529,38,,Aggregated,430.400000,0.000000,34,50,76,87,97,100,110,130,160,190,200,55721,0,50,52.89380052000586,0.8096080273389816,200.23015595506877,2454.540532294826
1707899530,38,,Aggregated,427.600000,0.000000,34,50,76,87,97,100,110,130,160,190,200,56186,0,50,52.9158256546829,0.8096080273389816,200.23015595506877,2454.9041398213076
1707899531,38,,Aggregated,421.800000,0.000000,34,50,76,87,97,100,110,130,160,190,200,56587,0,50,52.92274809760368,0.8096080273389816,200.23015595506877,2451.899482213229
1707899532,38,,Aggregated,425.200000,0.000000,34,50,76,87,97,100,110,130,160,190,200,56964,0,50,52.8792268266129,0.8096080273389816,200.23015595506877,2453.4818832947126
1707899533,38,,Aggregated,432.500000,0.000000,34,50,76,87,97,100,110,130,160,190,200,57449,0,50,52.90439091637136,0.8096080273389816,200.23015595506877,2454.290240038991
1707899534,38,,Aggregated,420.500000,0.000000,34,50,76,87,97,100,110,130,160,190,200,57904,0,50,52.997072290712026,0.8096080273389816,200.23015595506877,2453.102687206411
1707899535,38,,Aggregated,423.200000,0.000000,34,50,76,87,97,100,110,130,160,190,200,58247,0,50,52.91186955128448,0.8096080273389816,200.23015595506877,2451.8814359537832
1707899536,38,,Aggregated,427.500000,0.000000,33,50,76,87,97,100,110,130,160,190,200,58721,0,50,52.86702925593983,0.8096080273389816,200.23015595506877,2454.458660445156
1707899537,38,,Aggregated,423.100000,0.000000,34,50,76,87,97,100,110,130,160,190,200,59167,0,50,53.0163608961572,0.8096080273389816,200.23015595506877,2455.6607568408067
1707899538,38,,Aggregated,424.800000,0.000000,34,50,76,87,97,100,110,130,160,190,200,59578,0,50,52.963078980146335,0.8096080273389816,200.23015595506877,2451.8683238779417
1707899539,38,,Aggregated,421.800000,0.000000,34,50,76,87,97,100,110,130,160,190,200,59987,0,50,52.86491262440399,0.8096080273389816,200.23015595506877,2453.6214846550088
1707899540,38,,Aggregated,430.800000,0.000000,34,50,76,87,97,100,110,130,160,190,200,60432,0,50,52.9924481048999,0.8096080273389816,200.23015595506877,2454.7179970876355
1707899541,38,,Aggregated,426.400000,0.000000,34,50,76,87,97,100,110,130,160,190,200,60867,0,50,53.04183043017311,0.8096080273389816,200.23015595506877,2452.579131549115
1707899542,38,,Aggregated,424.000000,0.000000,34,50,76,87,97,100,110,130,150,190,200,61251,0,50,52.923793930328046,0.8096080273389816,200.23015595506877,2451.8845406605606
1707899543,38,,Aggregated,426.600000,0.000000,34,50,76,87,97,100,110,130,150,190,200,61714,0,50,52.915021094231165,0.8096080273389816,200.23015595506877,2455.6223061217875
1707899544,38,,Aggregated,429.600000,0.000000,34,50,76,87,97,100,110,130,160,190,200,62173,0,50,53.0250359264582,0.8096080273389816,200.23015595506877,2455.121049330095
1707899545,38,,Aggregated,425.300000,0.000000,34,50,76,87,97,100,110,130,160,190,200,62588,0,50,52.9711227367307,0.8096080273389816,200.23015595506877,2452.0337764427686
1707899546,38,,Aggregated,426.600000,0.000000,34,50,76,87,97,100,110,130,160,190,200,62971,0,50,52.902673713181414,0.8096080273389816,200.23015595506877,2453.4080926140605
1707899547,38,,Aggregated,434.200000,0.000000,34,50,76,87,97,100,110,130,160,190,200,63430,0,50,53.0219100599699,0.8096080273389816,200.23015595506877,2454.0511587576857
1707899548,38,,Aggregated,425.400000,0.000000,34,50,76,87,97,100,110,130,160,190,200,63865,0,50,53.05670979415445,0.8096080273389816,200.23015595506877,2452.8934314569797
1707899549,38,,Aggregated,426.500000,0.000000,34,50,76,87,97,100,110,130,160,190,200,64236,0,50,52.987705177584346,0.8096080273389816,200.23015595506877,2451.872330157544
1707899550,38,,Aggregated,426.800000,0.000000,34,50,76,87,97,100,110,130,160,190,200,64704,0,50,52.984593781909844,0.8096080273389816,200.23015595506877,2454.6027602621166
1707899551,38,,Aggregated,427.600000,0.000000,34,50,76,87,97,100,110,130,160,190,200,65154,0,50,53.04406875261591,0.8096080273389816,200.23015595506877,2454.790143352672
1707899552,38,,Aggregated,426.300000,0.000000,35,50,76,87,97,100,110,130,160,190,200,65551,0,50,53.09195639674844,0.8096080273389816,200.23015595506877,2452.0314716785406
1707899553,38,,Aggregated,426.700000,0.000000,34,50,76,87,97,100,110,130,160,190,200,65932,0,50,53.009787365238246,0.8096080273389816,200.23015595506877,2453.7063792998847
1707899554,38,,Aggregated,428.800000,0.000000,34,50,76,87,97,100,110,130,150,190,200,66402,0,50,53.04403889968419,0.8096080273389816,200.23015595506877,2454.535465799223
1707899555,38,,Aggregated,420.300000,0.000000,35,50,77,87,97,100,110,130,150,190,200,66841,0,50,53.11850204429356,0.8096080273389816,200.23015595506877,2453.7014856151163
1707899556,38,,Aggregated,422.500000,0.000000,35,50,76,87,97,100,110,130,150,190,200,67218,0,50,53.04908134927383,0.8096080273389816,200.23015595506877,2451.575545240858
1707899557,38,,Aggregated,423.200000,0.000000,34,50,76,87,97,100,110,130,150,190,200,67673,0,50,53.01779265531374,0.8096080273389816,200.23015595506877,2454.215122722504
1707899558,38,,Aggregated,425.600000,0.000000,34,50,76,87,97,100,110,130,150,190,200,68145,0,50,53.06883296021894,0.8096080273389816,200.23015595506877,2456.0006897057747
1707899559,38,,Aggregated,422.100000,0.000000,35,50,76,87,97,100,110,130,150,190,200,68565,0,50,53.0972943401725,0.8096080273389816,200.23015595506877,2451.774185079851
1707899560,38,,Aggregated,427.000000,0.000000,34,50,76,87,97,100,110,130,150,190,200,68929,0,50,53.00774571964247,0.8096080273389816,200.23015595506877,2452.7216991396945
1707899561,38,,Aggregated,430.700000,0.000000,34,50,76,87,97,100,110,130,150,190,200,69397,0,50,53.04189436123518,0.8096080273389816,200.23015595506877,2455.4588526881566
1707899562,38,,Aggregated,423.500000,0.000000,35,50,76,87,97,100,110,130,150,190,200,69868,0,50,53.112369623487766,0.8096080273389816,200.23015595506877,2453.6373303944583
1707899563,38,,Aggregated,423.200000,0.000000,35,50,76,87,97,100,110,130,150,190,200,70249,0,50,53.02477473976198,0.8096080273389816,200.23015595506877,2451.6684223262964
1707899564,38,,Aggregated,429.500000,0.000000,34,50,76,87,97,100,110,130,150,190,200,70676,0,50,52.97635919353614,0.8096080273389816,200.23015595506877,2455.2015960156205
1707899565,38,,Aggregated,434.500000,0.000000,35,50,76,87,97,100,110,130,150,190,200,71159,0,50,53.09452895501925,0.8096080273389816,200.23015595506877,2454.8576427437147
1707899566,38,,Aggregated,424.400000,0.000000,35,50,76,87,97,100,110,130,150,190,200,71577,0,50,53.05625341071772,0.8096080273389816,200.23015595506877,2451.137781689649
1707899567,38,,Aggregated,430.700000,0.000000,34,50,76,87,97,100,110,130,150,190,200,71977,0,50,52.95709500443258,0.8096080273389816,200.23015595506877,2454.1685399502617
1707899568,38,,Aggregated,434.900000,0.000000,35,50,76,87,97,100,110,130,150,190,200,72425,0,50,53.074942506498715,0.8096080273389816,200.23015595506877,2453.779537452537
1707899569,38,,Aggregated,430.900000,0.000000,35,50,76,87,97,100,110,130,150,190,200,72874,0,50,53.08942196405433,0.8096080273389816,200.23015595506877,2452.411504789088
