Timestamp,User Count,Type,Name,Requests/s,Failures/s,25%,50%,75%,80%,90%,95%,98%,99%,99.9%,99.99%,100%,Total Request Count,Total Failure Count,Total Median Response Time,Total Average Response Time,Total Min Response Time,Total Max Response Time,Total Average Content Size
1707175131,0,,Aggregated,0.000000,0.000000,N/A,N/A,N/A,N/A,N/A,N/A,N/A,N/A,N/A,N/A,N/A,0,0,0,0.0,0,0,0
1707175132,5,,Aggregated,0.000000,0.000000,6,44,48,48,52,56,56,57,57,57,57,80,0,44,30.372270049338113,1.1418259819038212,56.73208201187663,2614.6625
1707175133,9,,Aggregated,0.000000,0.000000,4,44,47,47,49,51,54,56,57,57,57,213,0,44,29.69502204602274,1.083701994502917,56.73208201187663,2495.93896713615
1707175134,9,,Aggregated,66.000000,0.000000,3,44,47,47,48,51,53,56,57,57,57,329,0,44,28.984960206373138,1.0307400079909712,56.73208201187663,2509.5410334346507
1707175135,9,,Aggregated,91.000000,0.000000,3,44,47,48,48,51,52,54,57,57,57,403,0,44,29.295717186433734,1.0307400079909712,56.73208201187663,2504.3002481389576
1707175136,9,,Aggregated,82.333333,0.000000,3,44,47,48,48,51,52,54,57,57,57,494,0,44,29.547171904879853,1.0307400079909712,56.73208201187663,2487.7388663967613
1707175137,9,,Aggregated,88.500000,0.000000,3,44,47,48,49,51,53,60,64,64,64,625,0,44,29.64297759034671,1.0289450001437217,64.42899099783972,2484.5408
1707175138,9,,Aggregated,95.800000,0.000000,3,44,47,48,48,51,53,57,64,64,64,725,0,44,29.460569668946594,1.0289450001437217,64.42899099783972,2502.1986206896554
1707175139,9,,Aggregated,94.000000,0.000000,3,44,47,48,48,51,53,57,64,64,64,797,0,44,29.56811955069084,1.0289450001437217,64.42899099783972,2498.8067754077792
1707175140,9,,Aggregated,94.285714,0.000000,3,44,47,48,48,51,53,56,64,64,64,910,0,44,29.699228274614224,1.0289450001437217,64.42899099783972,2473.0626373626374
1707175141,9,,Aggregated,95.250000,0.000000,3,44,47,48,48,51,53,56,64,64,64,1018,0,44,29.569107429246777,1.0289450001437217,64.42899099783972,2476.3231827111986
1707175142,9,,Aggregated,98.555556,0.000000,3,44,47,48,48,51,53,56,64,64,64,1136,0,44,29.480003330193117,0.9793879871722311,64.42899099783972,2482.3670774647885
1707175143,9,,Aggregated,96.000000,0.000000,3,44,47,48,48,51,53,56,64,64,64,1211,0,44,29.52573237663137,0.9793879871722311,64.42899099783972,2480.5375722543354
1707175144,9,,Aggregated,99.900000,0.000000,3,44,47,48,48,51,52,56,64,64,64,1316,0,44,29.47138887095406,0.9793879871722311,64.42899099783972,2477.5463525835867
1707175145,9,,Aggregated,98.800000,0.000000,3,44,47,48,48,51,52,56,64,64,64,1425,0,44,29.663863661188405,0.9793879871722311,64.42899099783972,2459.04
1707175146,9,,Aggregated,103.100000,0.000000,3,44,47,48,48,51,52,56,64,64,64,1534,0,44,29.397701198217547,0.9793879871722311,64.42899099783972,2491.95110821382
1707175147,9,,Aggregated,102.500000,0.000000,3,44,47,48,48,51,52,56,64,64,64,1620,0,44,29.52160914751908,0.9793879871722311,64.42899099783972,2477.5037037037036
1707175148,9,,Aggregated,97.900000,0.000000,3,44,47,48,48,51,52,56,64,64,64,1706,0,44,29.594386215114955,0.9793879871722311,64.42899099783972,2466.1207502930833
1707175149,9,,Aggregated,101.200000,0.000000,3,44,47,48,48,51,52,56,64,64,64,1843,0,44,29.566204590260288,0.9793879871722311,64.42899099783972,2464.563754747694
1707175150,9,,Aggregated,103.000000,0.000000,3,44,47,48,48,51,52,56,64,64,64,1940,0,44,29.39498492976538,0.9793879871722311,64.42899099783972,2485.5881443298967
1707175151,9,,Aggregated,101.500000,0.000000,3,44,47,48,48,51,52,56,64,64,64,2020,0,44,29.51937732115298,0.9793879871722311,64.42899099783972,2475.5024752475247
1707175152,9,,Aggregated,97.600000,0.000000,3,44,47,48,48,51,52,55,64,64,64,2122,0,44,29.630733028129505,0.9634910093154758,64.42899099783972,2461.349670122526
1707175153,9,,Aggregated,101.400000,0.000000,3,44,47,48,48,51,52,55,64,64,64,2240,0,44,29.520867945458512,0.9634910093154758,64.42899099783972,2475.4625
1707175154,9,,Aggregated,104.200000,0.000000,3,44,47,48,48,51,52,54,64,64,64,2345,0,44,29.507188188413014,0.9634910093154758,64.42899099783972,2475.3829424307037
1707175155,9,,Aggregated,100.000000,0.000000,3,44,47,48,48,51,52,53,64,64,64,2419,0,44,29.555423879209478,0.9634910093154758,64.42899099783972,2472.717651922282
1707175156,9,,Aggregated,99.900000,0.000000,3,44,47,48,48,51,52,53,64,64,64,2539,0,44,29.601717691601415,0.9634910093154758,64.42899099783972,2465.7825915714848
1707175157,9,,Aggregated,100.400000,0.000000,3,44,47,48,48,51,52,53,64,64,64,2638,0,44,29.568557403693074,0.9634910093154758,64.42899099783972,2464.086429112964
1707175158,9,,Aggregated,104.100000,0.000000,3,44,47,48,48,51,52,53,64,64,64,2755,0,44,29.445687672932515,0.9634910093154758,64.42899099783972,2481.427949183303
1707175159,9,,Aggregated,100.800000,0.000000,3,44,47,48,48,51,52,53,64,64,64,2834,0,44,29.566116991193507,0.9634910093154758,64.42899099783972,2468.7812279463656
1707175160,9,,Aggregated,98.200000,0.000000,3,44,47,48,48,51,52,53,64,64,64,2922,0,44,29.583329491151215,0.9634910093154758,64.42899099783972,2470.4216290212185
1707175161,9,,Aggregated,101.300000,0.000000,3,44,47,48,48,51,52,53,64,64,64,3057,0,44,29.666722676847595,0.9634910093154758,64.42899099783972,2464.5237160614984
1707175162,9,,Aggregated,103.700000,0.000000,3,44,47,48,49,51,52,53,64,64,64,3143,0,44,29.562723895702216,0.9634910093154758,64.42899099783972,2473.738466433344
1707175163,9,,Aggregated,101.700000,0.000000,3,44,47,48,48,51,52,53,64,64,64,3232,0,44,29.618616527895398,0.9634910093154758,64.42899099783972,2467.8548886138615
1707175164,9,,Aggregated,95.700000,0.000000,3,44,47,48,48,51,52,53,64,64,64,3332,0,44,29.66488272548496,0.9497420105617493,64.42899099783972,2463.517406962785
1707175165,9,,Aggregated,102.700000,0.000000,3,44,47,48,48,51,52,54,64,64,64,3464,0,44,29.646518702158225,0.9497420105617493,64.42899099783972,2467.727482678984
1707175166,9,,Aggregated,103.600000,0.000000,3,44,47,48,48,51,52,53,64,64,64,3540,0,44,29.647988785455517,0.9497420105617493,64.42899099783972,2467.7149717514126
1707175167,9,,Aggregated,98.600000,0.000000,3,44,47,48,48,51,52,53,64,64,64,3624,0,44,29.654449862433793,0.9497420105617493,64.42899099783972,2465.417494481236
1707175168,9,,Aggregated,98.700000,0.000000,3,44,47,48,49,51,52,53,64,64,64,3752,0,44,29.712939752831566,0.9497420105617493,64.42899099783972,2465.931236673774
1707175169,9,,Aggregated,101.600000,0.000000,3,44,47,48,49,51,52,53,64,64,64,3850,0,44,29.68565644561041,0.9497420105617493,64.42899099783972,2464.74987012987
1707175170,9,,Aggregated,103.900000,0.000000,3,44,47,48,49,51,52,53,64,64,64,3950,0,44,29.667908418142602,0.9497420105617493,64.42899099783972,2468.867594936709
1707175171,9,,Aggregated,99.100000,0.000000,3,44,47,48,49,51,52,53,63,64,64,4031,0,44,29.69650514282191,0.9497420105617493,64.42899099783972,2465.3810468866286
1707175172,9,,Aggregated,98.500000,0.000000,3,44,47,48,49,51,52,53,63,64,64,4147,0,44,29.660248931435913,0.9497420105617493,64.42899099783972,2469.538702676634
1707175173,9,,Aggregated,101.100000,0.000000,3,44,47,48,49,51,52,53,63,64,64,4267,0,44,29.736873860236482,0.9497420105617493,64.42899099783972,2462.121865479259
1707175174,9,,Aggregated,103.500000,0.000000,3,44,47,48,49,51,52,53,63,64,64,4340,0,44,29.665477231935135,0.9497420105617493,64.42899099783972,2469.6447004608294
1707175175,9,,Aggregated,100.300000,0.000000,3,44,47,48,48,51,52,53,63,64,64,4443,0,44,29.67044850206752,0.9497420105617493,64.42899099783972,2470.8771100607696
1707175176,9,,Aggregated,96.600000,0.000000,3,44,47,48,48,51,52,53,63,64,64,4544,0,44,29.681987230317095,0.9497420105617493,64.42899099783972,2464.2312940140846
1707175177,9,,Aggregated,104.200000,0.000000,3,44,47,48,48,51,52,53,63,64,64,4683,0,44,29.668672436338372,0.9497420105617493,64.42899099783972,2464.9286781977366
1707175178,9,,Aggregated,103.000000,0.000000,3,44,47,48,48,51,52,53,63,64,64,4741,0,44,29.64962025827424,0.9497420105617493,64.42899099783972,2469.3170217253746
1707175179,9,,Aggregated,98.800000,0.000000,3,44,47,48,48,51,52,53,63,64,64,4842,0,44,29.628124899734452,0.9497420105617493,64.42899099783972,2469.7096241222634
1707175180,9,,Aggregated,98.600000,0.000000,3,44,47,48,48,51,52,53,63,64,64,4963,0,44,29.692357911229355,0.9497420105617493,64.42899099783972,2463.0949022768486
1707175181,9,,Aggregated,102.900000,0.000000,3,44,47,48,48,51,52,53,61,64,64,5070,0,44,29.624747718837988,0.9497420105617493,64.42899099783972,2465.606114398422
1707175182,9,,Aggregated,103.700000,0.000000,3,44,47,48,48,51,52,53,61,64,64,5154,0,44,29.63978602263793,0.9497420105617493,64.42899099783972,2468.2270081490105
1707175183,9,,Aggregated,98.400000,0.000000,3,44,47,48,48,51,52,53,61,64,64,5245,0,44,29.65566209715847,0.9497420105617493,64.42899099783972,2464.6962821734987
1707175184,9,,Aggregated,101.000000,0.000000,3,44,47,48,48,51,52,53,61,64,64,5372,0,44,29.671903786590384,0.9497420105617493,64.42899099783972,2464.575018615041
1707175185,9,,Aggregated,102.000000,0.000000,3,44,47,48,48,51,52,53,61,64,64,5466,0,44,29.67912538225946,0.9497420105617493,64.42899099783972,2464.084156604464
1707175186,9,,Aggregated,103.200000,0.000000,3,44,47,48,48,51,52,53,61,64,64,5555,0,44,29.659855294421284,0.9497420105617493,64.42899099783972,2468.5812781278128
1707175187,9,,Aggregated,99.200000,0.000000,3,44,47,48,48,51,52,53,61,64,64,5655,0,44,29.680128328837323,0.9497420105617493,64.42899099783972,2465.358797524315
1707175188,9,,Aggregated,98.500000,0.000000,3,44,47,48,48,51,52,53,61,64,64,5758,0,44,29.676861455302138,0.9497420105617493,64.42899099783972,2463.602118791247
1707175189,9,,Aggregated,104.000000,0.000000,3,44,47,48,48,51,52,53,61,64,64,5889,0,44,29.666971123368246,0.9497420105617493,64.42899099783972,2467.519443029377
1707175190,9,,Aggregated,101.300000,0.000000,3,44,47,48,48,51,52,53,61,64,64,5956,0,44,29.654399926024308,0.9497420105617493,64.42899099783972,2466.5627938213565
1707175191,9,,Aggregated,99.900000,0.000000,3,44,47,48,48,51,52,53,60,64,64,6059,0,44,29.67510813425868,0.9497420105617493,64.42899099783972,2464.821257633273
1707175192,9,,Aggregated,98.500000,0.000000,3,44,47,48,48,51,52,53,60,64,64,6169,0,44,29.69007191156355,0.9321050019934773,64.42899099783972,2462.222726535905
1707175193,9,,Aggregated,104.100000,0.000000,3,44,47,48,48,51,52,53,60,64,64,6289,0,44,29.62914027723582,0.9321050019934773,64.42899099783972,2471.4549212911434
1707175194,9,,Aggregated,101.200000,0.000000,3,44,47,48,48,51,52,53,60,64,64,6360,0,44,29.69724268514942,0.9321050019934773,64.42899099783972,2464.2059748427673
1707175195,9,,Aggregated,97.700000,0.000000,3,44,47,48,48,51,52,53,60,64,64,6457,0,44,29.670918542592887,0.9321050019934773,64.42899099783972,2464.7055908316556
1707175196,9,,Aggregated,101.400000,0.000000,3,44,47,48,48,51,52,53,60,64,64,6591,0,44,29.67477522987213,0.9321050019934773,64.42899099783972,2465.669852829616
1707175197,9,,Aggregated,103.200000,0.000000,3,44,47,48,48,51,52,53,60,64,64,6677,0,44,29.647356606123555,0.9321050019934773,64.42899099783972,2467.4102141680396
1707175198,9,,Aggregated,101.200000,0.000000,3,44,47,48,48,51,52,53,60,64,64,6774,0,44,29.667682446838636,0.9321050019934773,64.42899099783972,2465.2240921169177
1707175199,9,,Aggregated,98.400000,0.000000,3,44,47,48,48,51,52,53,60,64,64,6866,0,44,29.68533058185317,0.9321050019934773,64.42899099783972,2462.6134576172444
1707175200,9,,Aggregated,101.100000,0.000000,3,44,47,48,48,51,52,53,60,64,64,6988,0,44,29.639718096279513,0.9321050019934773,64.42899099783972,2467.254006868918
1707175201,9,,Aggregated,103.300000,0.000000,3,44,47,48,48,51,52,53,60,64,64,7095,0,44,29.641235172462245,0.9321050019934773,64.42899099783972,2467.013389711064
1707175202,9,,Aggregated,100.300000,0.000000,3,44,47,48,48,51,52,53,60,64,64,7170,0,44,29.64455491208132,0.9321050019934773,64.42899099783972,2465.678940027894
1707175203,9,,Aggregated,99.800000,0.000000,3,44,47,48,48,51,52,53,60,64,64,7281,0,44,29.644692974119707,0.9321050019934773,64.42899099783972,2466.5749210273316
1707175204,9,,Aggregated,99.500000,0.000000,3,44,47,48,48,51,52,53,60,64,64,7385,0,44,29.642363953894854,0.9321050019934773,64.42899099783972,2464.111171293162
1707175205,9,,Aggregated,105.200000,0.000000,3,44,47,48,48,51,52,53,60,64,64,7512,0,44,29.610091884273753,0.9321050019934773,64.42899099783972,2468.2152555910543
1707175206,9,,Aggregated,100.300000,0.000000,3,44,47,48,48,51,52,53,60,64,64,7571,0,44,29.641030759159392,0.9321050019934773,64.42899099783972,2465.8978998811253
1707175207,9,,Aggregated,97.400000,0.000000,3,44,47,48,48,51,52,53,60,64,64,7680,0,44,29.640019305835114,0.9321050019934773,64.42899099783972,2466.0623697916667
1707175208,9,,Aggregated,102.600000,0.000000,3,44,47,48,48,51,52,53,60,64,64,7807,0,44,29.66431749130512,0.9321050019934773,64.42899099783972,2462.7582938388628
1707175209,9,,Aggregated,103.700000,0.000000,3,44,47,48,48,51,52,53,60,64,64,7890,0,44,29.610622879543403,0.8757850155234337,64.42899099783972,2468.017363751584
1707175210,9,,Aggregated,101.000000,0.000000,3,44,47,48,48,51,52,53,60,64,64,7986,0,44,29.646752224611483,0.8757850155234337,64.42899099783972,2466.133608815427
1707175211,9,,Aggregated,97.100000,0.000000,3,44,47,48,48,51,52,53,60,64,64,8081,0,44,29.64561513237908,0.8757850155234337,64.42899099783972,2464.5824774161615
1707175212,9,,Aggregated,103.800000,0.000000,3,44,47,48,48,51,52,53,60,64,64,8215,0,44,29.631061269349022,0.8757850155234337,64.42899099783972,2465.2678027997567
1707175213,9,,Aggregated,102.900000,0.000000,3,44,47,48,48,51,52,53,60,64,64,8295,0,44,29.62356218826427,0.8757850155234337,64.42899099783972,2465.9614225437012
1707175214,9,,Aggregated,100.400000,0.000000,3,44,47,48,48,51,52,53,60,64,64,8389,0,44,29.621314924845993,0.8757850155234337,64.42899099783972,2468.0822505662177
1707175215,9,,Aggregated,98.900000,0.000000,3,44,47,48,48,51,52,52,60,64,64,8496,0,44,29.651950974405406,0.8757850155234337,64.42899099783972,2463.9406779661017
1707175216,9,,Aggregated,101.000000,0.000000,3,44,47,48,48,51,52,53,60,64,64,8597,0,44,29.65263094109757,0.8757850155234337,64.42899099783972,2463.18936838432
1707175217,9,,Aggregated,105.200000,0.000000,3,44,47,48,48,51,52,52,60,64,64,8713,0,44,29.635813174175702,0.8757850155234337,64.42899099783972,2465.9936875932513
1707175218,9,,Aggregated,99.000000,0.000000,3,44,47,48,48,51,52,52,60,64,64,8786,0,44,29.62003749881821,0.8757850155234337,64.42899099783972,2466.686319144093
1707175219,9,,Aggregated,98.700000,0.000000,3,44,47,48,48,51,52,52,60,64,64,8902,0,44,29.64213551477011,0.8757850155234337,64.42899099783972,2464.253763199281
1707175220,9,,Aggregated,101.900000,0.000000,3,44,47,48,48,51,52,52,60,64,64,9012,0,44,29.64536720588606,0.8757850155234337,64.42899099783972,2462.4367509986682
1707175221,9,,Aggregated,104.200000,0.000000,3,44,47,48,48,51,52,52,60,64,64,9113,0,44,29.586345580757456,0.8757850155234337,64.42899099783972,2468.839679578624
1707175222,9,,Aggregated,99.900000,0.000000,3,44,47,48,48,51,52,52,60,64,64,9199,0,44,29.629350675415548,0.8757850155234337,64.42899099783972,2464.113599304272
1707175223,9,,Aggregated,97.500000,0.000000,3,44,47,48,48,51,52,52,60,64,64,9297,0,44,29.617719551827424,0.8757850155234337,64.42899099783972,2463.807142088846
1707175224,9,,Aggregated,104.900000,0.000000,3,44,47,48,48,51,52,52,60,64,64,9435,0,44,29.60923906946202,0.8757850155234337,64.42899099783972,2464.7996820349763
1707175225,9,,Aggregated,102.000000,0.000000,3,44,47,48,48,51,52,52,60,64,64,9501,0,44,29.5943307941557,0.8757850155234337,64.42899099783972,2465.9565308914853
1707175226,9,,Aggregated,100.700000,0.000000,3,44,47,48,48,51,52,52,60,64,64,9612,0,44,29.60350718042738,0.8757850155234337,64.42899099783972,2465.0774032459426
1707175227,9,,Aggregated,98.600000,0.000000,3,44,47,48,48,51,52,52,60,64,64,9708,0,44,29.615741602945604,0.8757850155234337,64.42899099783972,2462.873094355171
1707175228,9,,Aggregated,103.200000,0.000000,3,44,47,48,48,51,52,52,60,64,64,9827,0,44,29.588064407902696,0.8757850155234337,64.42899099783972,2465.0740816118855
1707175229,9,,Aggregated,103.500000,0.000000,3,44,47,48,48,51,52,52,60,64,64,9924,0,44,29.594408482941358,0.8757850155234337,64.42899099783972,2464.5941152760984
1707175230,9,,Aggregated,99.300000,0.000000,3,44,47,48,48,51,52,52,60,64,64,10008,0,44,29.57672450467041,0.8757850155234337,64.42899099783972,2465.3818944844124
1707175231,9,,Aggregated,100.900000,0.000000,3,44,47,48,48,51,52,52,60,64,64,10121,0,44,29.590496689134863,0.8757850155234337,64.42899099783972,2464.176859994072
1707175232,9,,Aggregated,101.000000,0.000000,3,44,47,48,48,51,52,52,60,64,64,10230,0,44,29.578783795109405,0.8757850155234337,64.42899099783972,2463.4919843597263
1707175233,9,,Aggregated,105.300000,0.000000,3,44,47,48,48,51,52,52,60,64,64,10342,0,44,29.56222920671791,0.8757850155234337,64.42899099783972,2465.3539934248693
1707175234,9,,Aggregated,99.100000,0.000000,3,44,47,48,48,51,52,52,60,64,64,10406,0,44,29.563388610307587,0.8757850155234337,64.42899099783972,2465.1561599077454
1707175235,9,,Aggregated,99.000000,0.000000,3,44,47,48,48,51,52,52,60,64,64,10527,0,44,29.565980491100277,0.8757850155234337,64.42899099783972,2464.5295905766125
1707175236,9,,Aggregated,104.000000,0.000000,3,44,47,48,48,51,52,52,60,64,64,10651,0,44,29.584986174031062,0.8757850155234337,64.42899099783972,2462.592057083842
1707175237,9,,Aggregated,103.100000,0.000000,3,44,47,48,48,51,52,52,60,64,64,10727,0,44,29.542502731196734,0.8757850155234337,64.42899099783972,2466.8539200149157
1707175238,9,,Aggregated,100.300000,0.000000,3,44,47,48,48,51,52,52,60,64,64,10826,0,44,29.571548747239973,0.8757850155234337,64.42899099783972,2465.038887862553
1707175239,9,,Aggregated,98.600000,0.000000,3,44,47,48,48,51,52,52,60,64,64,10928,0,44,29.56741030505688,0.8757850155234337,64.42899099783972,2463.462298682284
1707175240,9,,Aggregated,105.100000,0.000000,3,44,47,48,48,51,52,52,58,64,64,11062,0,44,29.556015864375446,0.8757850155234337,64.42899099783972,2463.8896221298137
1707175241,9,,Aggregated,101.800000,0.000000,3,44,47,48,48,51,52,52,58,64,64,11128,0,44,29.55424859980211,0.8757850155234337,64.42899099783972,2464.330697340043
1707175242,9,,Aggregated,100.600000,0.000000,3,44,47,48,48,51,52,52,58,64,64,11235,0,44,29.542358493220295,0.8757850155234337,64.42899099783972,2465.63391188251
1707175243,9,,Aggregated,99.800000,0.000000,3,44,47,48,48,51,52,52,58,64,64,11342,0,44,29.566292337450182,0.8757850155234337,64.42899099783972,2463.087815200141
1707175244,9,,Aggregated,102.300000,0.000000,3,44,47,48,48,51,52,52,58,64,64,11448,0,44,29.54849769090271,0.8757850155234337,64.42899099783972,2463.359102026555
1707175245,9,,Aggregated,104.700000,0.000000,3,44,47,48,48,51,52,52,58,64,64,11553,0,44,29.540500068101224,0.8757850155234337,64.42899099783972,2465.6954037912233
1707175246,9,,Aggregated,98.400000,0.000000,3,44,47,48,48,51,52,52,58,64,64,11630,0,44,29.536434652934734,0.8757850155234337,64.42899099783972,2465.9407566638006
1707175247,9,,Aggregated,100.600000,0.000000,3,44,47,48,48,51,52,52,58,64,64,11749,0,44,29.551330622673543,0.8757850155234337,64.42899099783972,2463.2018895225124
1707175248,9,,Aggregated,102.900000,0.000000,3,44,47,48,48,51,52,52,58,64,64,11861,0,44,29.5437704485111,0.8757850155234337,64.42899099783972,2463.074277042408
1707175249,9,,Aggregated,103.600000,0.000000,3,44,47,48,48,51,52,52,58,64,64,11954,0,44,29.52156816602971,0.8757850155234337,64.42899099783972,2466.213819641961
1707175250,9,,Aggregated,98.800000,0.000000,3,44,47,48,48,51,52,52,58,64,64,12036,0,44,29.544525101245668,0.8757850155234337,64.42899099783972,2463.634014622798
1707175251,9,,Aggregated,99.200000,0.000000,3,44,47,48,48,51,52,52,58,64,64,12147,0,44,29.53280602903568,0.8757850155234337,64.42899099783972,2465.066847781345
1707175252,9,,Aggregated,104.900000,0.000000,3,44,47,48,48,51,52,52,58,64,64,12279,0,44,29.534980814198562,0.8757850155234337,64.42899099783972,2464.1661373075985
1707175253,9,,Aggregated,101.900000,0.000000,3,44,47,48,48,51,52,52,58,64,64,12346,0,44,29.5209422253867,0.8757850155234337,64.42899099783972,2465.0742750688482
1707175254,9,,Aggregated,100.000000,0.000000,3,44,47,48,48,51,52,52,58,64,64,12453,0,44,29.52922515736892,0.8757850155234337,64.42899099783972,2464.464145185899
1707175255,9,,Aggregated,99.500000,0.000000,3,44,47,48,48,51,52,52,58,64,64,12557,0,44,29.53866902554401,0.8757850155234337,64.42899099783972,2463.376284144302
1707175256,9,,Aggregated,104.000000,0.000000,3,44,47,48,48,51,52,52,58,64,64,12674,0,44,29.536977469139547,0.8757850155234337,64.42899099783972,2463.9111566987535
1707175257,9,,Aggregated,101.900000,0.000000,3,44,47,48,48,51,52,52,58,64,64,12757,0,44,29.53599663453915,0.8757850155234337,64.42899099783972,2464.4244728384415
1707175258,9,,Aggregated,98.900000,0.000000,3,44,47,48,48,51,52,52,58,64,64,12850,0,44,29.533260117105122,0.8757850155234337,64.42899099783972,2465.6058365758754
1707175259,9,,Aggregated,101.400000,0.000000,3,44,47,48,48,51,52,52,58,64,64,12967,0,44,29.538730124361482,0.8757850155234337,64.42899099783972,2464.123929976093
1707175260,9,,Aggregated,102.400000,0.000000,3,44,47,48,48,51,52,52,58,64,64,13074,0,44,29.53343168935634,0.8757850155234337,64.42899099783972,2463.9796542756617
1707175261,9,,Aggregated,103.300000,0.000000,3,44,47,48,48,51,52,52,58,64,64,13167,0,44,29.53865134681034,0.8757850155234337,64.42899099783972,2464.1115667957774
1707175262,9,,Aggregated,98.400000,0.000000,3,44,47,48,48,51,52,52,58,64,64,13243,0,44,29.54216659838503,0.8757850155234337,64.42899099783972,2463.74688514687
1707175263,9,,Aggregated,99.200000,0.000000,3,44,47,48,48,51,52,52,58,64,64,13370,0,44,29.539645156643207,0.8757850155234337,64.42899099783972,2464.1866866118175
1707175264,9,,Aggregated,104.200000,0.000000,3,44,47,48,48,51,52,52,58,64,64,13488,0,44,29.542293571262963,0.8757850155234337,64.42899099783972,2463.603202846975
1707175265,9,,Aggregated,101.200000,0.000000,3,44,47,48,48,51,52,52,58,64,64,13557,0,44,29.526631727015662,0.8757850155234337,64.42899099783972,2466.234196356126
1707175266,9,,Aggregated,98.800000,0.000000,3,44,47,48,48,51,52,52,58,64,77,13662,0,44,29.554839384445085,0.8757850155234337,77.01661801547743,2463.852657004831
1707175267,9,,Aggregated,100.000000,0.000000,3,44,47,48,48,51,52,52,58,64,77,13774,0,44,29.546121462918986,0.8757850155234337,77.01661801547743,2463.611151444751
1707175268,9,,Aggregated,105.300000,0.000000,3,44,47,48,48,51,52,52,58,64,77,13895,0,44,29.534096973453448,0.8757850155234337,77.01661801547743,2465.1200431810003
1707175269,9,,Aggregated,98.800000,0.000000,3,44,47,48,48,51,52,52,58,64,77,13958,0,44,29.54335460303426,0.8757850155234337,77.01661801547743,2463.9674738501217
1707175270,9,,Aggregated,98.600000,0.000000,3,44,47,48,48,51,52,52,58,64,77,14071,0,44,29.54248141032126,0.8757850155234337,77.01661801547743,2464.358325634283
1707175271,9,,Aggregated,101.500000,0.000000,3,44,47,48,48,51,52,52,58,64,77,14184,0,44,29.5524198166826,0.8757850155234337,77.01661801547743,2463.2239142695994
1707175272,9,,Aggregated,102.500000,0.000000,3,44,47,48,48,51,52,52,58,64,77,14284,0,44,29.530003521770173,0.8757850155234337,77.01661801547743,2465.931041725007
1707175273,9,,Aggregated,102.000000,0.000000,3,44,47,48,48,51,52,52,58,64,77,14377,0,44,29.544961466299796,0.8757850155234337,77.01661801547743,2464.0607915420464
1707175274,9,,Aggregated,97.800000,0.000000,3,44,47,48,48,51,52,52,58,64,77,14465,0,44,29.543750440778943,0.8757850155234337,77.01661801547743,2463.951192533702
1707175275,9,,Aggregated,102.400000,0.000000,3,44,47,48,48,51,52,52,58,64,77,14592,0,44,29.553329600525213,0.8757850155234337,77.01661801547743,2463.1432976973683
1707175276,9,,Aggregated,103.300000,0.000000,3,44,47,48,48,51,52,52,58,64,77,14691,0,44,29.533986979977435,0.8757850155234337,77.01661801547743,2464.9674630726295
1707175277,9,,Aggregated,100.600000,0.000000,3,44,47,48,48,51,52,52,58,64,77,14784,0,44,29.534465065589522,0.8757850155234337,77.01661801547743,2465.227746212121
1707175278,9,,Aggregated,97.700000,0.000000,3,44,47,48,48,51,52,52,58,64,77,14871,0,44,29.554087562898317,0.8757850155234337,77.01661801547743,2462.7113173290295
1707175279,9,,Aggregated,102.200000,0.000000,3,44,47,48,48,51,52,52,58,64,77,14990,0,44,29.543335504396218,0.8574099920224398,77.01661801547743,2464.6561040693796
1707175280,9,,Aggregated,105.400000,0.000000,3,44,47,48,48,51,52,52,57,64,77,15110,0,44,29.531984908554737,0.8574099920224398,77.01661801547743,2465.6818663136996
1707175281,9,,Aggregated,98.900000,0.000000,3,44,47,48,48,51,52,52,57,64,77,15169,0,44,29.539292012947072,0.8574099920224398,77.01661801547743,2464.3323224998353
1707175282,9,,Aggregated,99.500000,0.000000,3,44,47,48,48,51,52,52,57,64,77,15290,0,44,29.548130366207204,0.8574099920224398,77.01661801547743,2463.1379986919555
1707175283,9,,Aggregated,102.200000,0.000000,3,44,47,48,48,51,52,52,57,64,77,15399,0,44,29.54033020516439,0.8574099920224398,77.01661801547743,2463.4484057406326
1707175284,9,,Aggregated,103.600000,0.000000,3,44,47,48,48,51,52,52,57,64,77,15509,0,44,29.52001158767313,0.8574099920224398,77.01661801547743,2465.8832935714745
1707175285,9,,Aggregated,99.400000,0.000000,3,44,47,48,48,51,52,52,57,64,77,15586,0,44,29.540924279688973,0.8574099920224398,77.01661801547743,2463.59713845759
1707175286,9,,Aggregated,98.400000,0.000000,3,44,47,48,48,51,52,52,57,64,77,15687,0,44,29.537223125149982,0.8574099920224398,77.01661801547743,2464.6922929814496
1707175287,9,,Aggregated,104.100000,0.000000,3,44,47,48,48,51,52,52,57,64,77,15806,0,44,29.54833460996497,0.8574099920224398,77.01661801547743,2463.2446539288876
1707175288,9,,Aggregated,102.600000,0.000000,3,44,47,48,48,51,52,52,57,64,77,15903,0,44,29.528345967313797,0.8574099920224398,77.01661801547743,2464.9354209897506
1707175289,9,,Aggregated,101.600000,0.000000,3,44,47,48,48,51,52,52,57,64,77,16004,0,44,29.539725764823803,0.8574099920224398,77.01661801547743,2464.114221444639
1707175290,9,,Aggregated,98.100000,0.000000,3,44,47,48,48,51,52,52,57,64,77,16086,0,44,29.540067674838575,0.8574099920224398,77.01661801547743,2463.5980977247295
1707175291,9,,Aggregated,102.300000,0.000000,3,44,47,48,48,51,52,52,57,64,77,16218,0,44,29.54026769635116,0.8574099920224398,77.01661801547743,2463.656862745098
1707175292,9,,Aggregated,103.400000,0.000000,3,44,47,48,48,51,52,52,57,64,77,16315,0,44,29.534335771407957,0.8574099920224398,77.01661801547743,2464.315966901624
1707175293,9,,Aggregated,99.500000,0.000000,3,44,47,48,48,51,52,52,57,64,77,16392,0,44,29.526409265403604,0.8574099920224398,77.01661801547743,2465.484260614934
1707175294,9,,Aggregated,99.300000,0.000000,3,44,47,48,48,51,52,52,60,81,84,16502,0,44,29.552640366288376,0.8574099920224398,84.00124800391495,2463.489940613259
1707175295,9,,Aggregated,102.600000,0.000000,3,44,47,48,48,51,52,52,60,81,84,16617,0,44,29.542998370912386,0.8574099920224398,84.00124800391495,2463.4896792441477
1707175296,9,,Aggregated,104.700000,0.000000,3,44,47,48,48,51,52,52,60,81,84,16717,0,44,29.52711845771226,0.8574099920224398,84.00124800391495,2465.3150684931506
1707175297,9,,Aggregated,97.900000,0.000000,3,44,47,48,48,51,52,52,60,81,84,16796,0,44,29.540840967469023,0.8574099920224398,84.00124800391495,2463.865265539414
1707175298,9,,Aggregated,99.300000,0.000000,3,44,47,48,48,51,52,52,60,81,84,16916,0,44,29.53767599424898,0.8574099920224398,84.00124800391495,2464.2233979664225
1707175299,9,,Aggregated,103.200000,0.000000,3,44,47,48,48,51,52,52,60,81,84,17027,0,44,29.539881949654156,0.8574099920224398,84.00124800391495,2463.1700240794034
1707175300,9,,Aggregated,101.300000,0.000000,3,44,47,48,48,51,52,52,60,81,84,17108,0,44,29.52118444843379,0.8574099920224398,84.00124800391495,2465.717559036708
1707175301,9,,Aggregated,101.300000,0.000000,3,44,47,48,48,51,52,52,60,81,84,17218,0,44,29.53227565453727,0.8574099920224398,84.00124800391495,2464.135613892438
